5.253569999999999709e+04	1.510699999999999932e+01	1.099999999999999936e-02	
5.253669999999999709e+04	1.479700000000000060e+01	1.099999999999999936e-02	
5.253780000000000291e+04	1.453200000000000003e+01	1.499999999999999944e-02	
5.253869999999999709e+04	1.432300000000000040e+01	1.099999999999999936e-02	
5.253969999999999709e+04	1.410299999999999976e+01	1.499999999999999944e-02	
5.254069999999999709e+04	1.399699999999999989e+01	1.099999999999999936e-02	
5.254169999999999709e+04	1.386299999999999955e+01	1.700000000000000122e-02	
5.254169999999999709e+04	1.392600000000000016e+01	1.099999999999999936e-02	
5.254269999999999709e+04	1.376600000000000001e+01	1.899999999999999953e-02	
5.254469999999999709e+04	1.374099999999999966e+01	1.700000000000000122e-02	
5.254659999999999854e+04	1.385899999999999999e+01	1.099999999999999936e-02	
5.256069999999999709e+04	1.426399999999999935e+01	1.099999999999999936e-02	
5.256269999999999709e+04	1.426200000000000045e+01	1.099999999999999936e-02	
5.256780000000000291e+04	1.415199999999999925e+01	1.099999999999999936e-02	
5.257059999999999854e+04	9.900000000000000000e+01	9.900000000000000000e+01	
5.257180000000000291e+04	1.408300000000000018e+01	1.099999999999999936e-02	
5.259080000000000291e+04	1.492200000000000060e+01	1.099999999999999936e-02	
5.259380000000000291e+04	1.506300000000000061e+01	1.099999999999999936e-02	
5.259750000000000000e+04	1.524900000000000055e+01	1.099999999999999936e-02	
5.260059999999999854e+04	1.534999999999999964e+01	2.999999999999999889e-02	
5.261750000000000000e+04	1.601000000000000156e+01	2.699999999999999969e-02	
5.261969999999999709e+04	1.607000000000000028e+01	2.699999999999999969e-02	
5.263159999999999854e+04	1.654899999999999949e+01	3.300000000000000155e-02	
5.265059999999999854e+04	1.703900000000000148e+01	5.600000000000000117e-02	
