55800.121	12.855	0.031	
55802.168	11.967	0.029	
55803.121	11.609	0.012	
55804.195	99	0.099	
55805.199	99	0.099	
55807.148	10.809	0.014	
55808.102	10.720	0.011	
55813.113	10.641	0.013	
55819.133	10.890	0.012	
55820.090	10.912	0.011	
55821.090	10.955	0.012	
55822.090	10.994	0.013	
55824.090	11.061	0.011	
55825.094	11.076	0.012	
55827.121	11.075	0.012	
55828.086	11.061	0.013	
55830.109	11.014	0.012	
55833.090	10.909	0.012	
55834.098	99	0.099	
55835.090	10.861	0.014	
55837.086	10.821	0.012	
55838.078	10.808	0.013	
55840.070	10.818	0.011	
55842.074	10.845	0.011	
55844.074	10.939	0.012	
55845.105	99	0.099	
55846.094	11.040	0.015	
55848.074	11.215	0.013	
55849.070	11.289	0.012	
55850.066	11.405	0.026	
55851.066	11.467	0.013	
55852.070	11.517	0.013	
55853.062	11.569	0.015	
55854.070	11.632	0.013	
55860.070	11.927	0.012	
