SN2005M 0.022972 16.0038 15.973 16.0029 16.4456 16.4074 16.6314 0.0273
SN2005am 0.008967 13.8602 13.751 13.709 14.1786 13.7429 14.0101 0.0435
SN2005el 0.014885 15.2333 15.2281 15.2854 15.7131 15.4642 15.6001 0.0977
SN2005eq 0.028351 16.5451 16.4304 16.4111 16.8875 16.7956 17.0405 0.0627
SN2005hc 0.044983 17.3982 17.3684 17.36 17.8934 17.7994 17.9 0.0281
SN2005iq 0.032929 16.8303 16.8716 16.8717 17.3734 17.2251 17.327 0.0187
SN2005ki 0.02037 15.644 15.6768 15.673 16.2138 16.108 16.226 0.0267
SN2006bh 0.010493 14.4478 14.4624 14.462 14.9692 14.751 14.9505 0.0227
SN2007bd 0.031939 16.6587 16.6676 16.6152 17.1701 17.026 17.2784 0.0288
SN2007on 0.006182 13.0883 12.9594 12.9914 13.3482 13.0926 13.1706 0.0099
SN2008R 0.012887 15.5518 15.3752 15.3251 15.5969 14.9526 15.3656 0.0618
SN2008bc 0.015707 15.6606 15.4986 15.4247 15.9402 15.7097 15.8903 0.2248
SN2008gp 0.032824 16.914 16.7962 16.7916 17.2476 17.3533 17.479 0.1036
SN2008hv 0.013581 14.8811 14.8364 14.8948 15.4385 15.2238 15.4203 0.0278
SN2008ia 0.022597 16.6992 16.5087 16.431 16.8144 16.2219 16.3709 0.1949
