SN2002cv 28	20.1	19.08	16.57	14.75	14.34
SN2004ef 17.0624 16.9106 16.7741 17.1685 17.0025 17.1471
SN2004eo 15.4942 15.3385 15.2421 15.6623 15.4801 15.6022
SN2004ey 15.2667 15.2145 15.195 15.6645 15.5713 15.6861
SN2004gs 17.2888 17.0809 16.9088 17.2965 17.0895 17.2311
SN2004gu 17.5206 17.4238 17.3525 17.7818 17.7893 17.9613
SN2005A 18.2732 17.2636 16.7714 16.8854 16.4227 16.5558
SN2005M 16.0029 15.9769 15.9677 16.4813 16.516 16.6691
SN2005ag 18.5619 18.4953 18.4858 18.8563 18.959 19.0898
SN2005al 15.0845 15.1054 15.1038 15.6122 15.5344 15.6648
SN2005am 13.8468 13.7578 13.7012 14.1596 14.0164 14.1498
SN2005el 15.2065 15.2219 15.2046 15.6772 15.5581 15.6792
SN2005eq 16.5182 16.4565 16.416 16.8913 16.8878 17.0263
SN2005hc 17.4142 17.3969 17.3577 17.8256 17.8975 18.052
SN2005hj 17.8274 17.795 17.7527 18.2009 18.2792 18.3854
SN2005iq 16.8045 16.8728 16.8575 17.3528 17.3431 17.4873
SN2005kc 16.074 15.7126 15.5375 15.8771 15.6376 15.7495
SN2005ki 15.639 15.6926 15.6892 16.1911 16.1581 16.308
SN2005ku 17.8197 17.6785 17.5515 17.9576 17.8327 18.0458
SN2005na 16.2207 16.2587 16.2558 16.7626 16.7263 16.8831
SN2006D 14.3198 14.1969 14.1242 14.5744 14.4315 14.5685
SN2006X 15.3522 14.0243 13.4756 13.4944 12.9399 13.0608
SN2006ax 15.185 15.2152 15.2287 15.7466 15.7483 15.8909
SN2006bh 14.4402 14.461 14.4602 14.9648 14.8933 15.037
SN2006br 19.0458 18.2837 17.7592 17.8972 17.412 17.5195
SN2006bt 17.1123 16.902 16.7469 17.1237 17.022 17.1667
SN2006ej 15.8508 15.8216 15.7723 16.2374 16.1707 16.2635
SN2006et 16.0441 15.8621 15.7785 16.2253 16.1961 16.3426
SN2006ev 17.4728 17.2529 17.0884 17.4492 17.29 17.3377
SN2006hx 17.7006 17.5413 17.4129 17.7654 17.7446 17.9121
SN2006is 16.2745 16.2653 16.2533 16.7706 16.7975 16.9648
SN2006kf 16.8065 16.6037 16.4418 16.7897 16.4582 16.5378
SN2006lu 17.856 17.8386 17.8113 18.11 18.2684 17.9869
SN2006ob 18.3121 18.2585 18.188 18.5465 18.5112 18.6035
SN2006os 18.1759 17.7038 17.4056 17.6577 17.3335 17.5086
SN2006ot 18.1511 17.9016 17.6874 17.9907 17.9008 18.0103
SN2007A 15.9371 15.7288 15.6276 16.0402 15.9231 16.0541
SN2007S 15.8814 15.4484 15.2759 15.6349 15.5105 15.6479
SN2007af 13.3432 13.1769 13.1344 13.5894 13.5089 13.644
SN2007ai 18.2501 17.7806 17.505 17.7395 17.3983 17.5272
SN2007as 15.9563 15.8858 15.8251 16.2624 16.0897 16.2059
SN2007bc 16.0005 15.9308 15.8708 16.3384 16.2713 16.4192
SN2007bd 16.6525 16.6667 16.6356 17.1145 17.0803 17.2475
SN2007bm 14.6468 14.0986 13.8776 14.1845 13.9395 14.0719
SN2007ca 16.1595 15.8078 15.6443 16.0078 15.8339 15.9667
SN2007if 16.9548 17.0314 16.795 16.953 17.7772 17.6824
SN2007jg 17.723 17.5581 17.423 17.7981 17.6844 17.7918
SN2007le 14.0084 13.68 13.5767 13.9762 13.8472 13.9778
SN2007nq 17.5347 17.4818 17.3947 17.7993 17.7296 17.8092
SN2007on 13.0915 12.9501 12.8792 13.3245 13.1398 13.2809
SN2008C 15.9484 15.7142 15.6037 16.0125 15.8524 16.0233
SN2008bc 15.6678 15.5163 15.4289 15.7937 15.4895 15.5384
SN2008bq 17.0683 16.8992 16.7941 17.2396 17.1242 17.314
SN2008fp 14.5449 13.9247 13.6706 13.9151 13.5365 13.62
SN2008gp 16.8768 16.8356 16.779 17.2248 17.164 17.2957
SN2008hv 14.8736 14.8712 14.8611 15.3636 15.3052 15.4491
SN2008ia 16.7123 16.5246 16.3856 16.7488 16.487 16.5779
