2171.84	13.607	0.021	
2174.80	13.129	0.020	
2177.82	12.878	0.022	
2183.83	12.986	0.020	
2186.79	13.177	0.020	
2189.82	13.538	0.020	
2192.82	14.139	0.022	
2195.74	14.265	0.032	
2198.79	14.290	0.068	
2201.81	14.380	0.020	
2202.75	14.191	0.023	
2203.74	14.167	0.022	
2204.70	14.174	0.025	
2204.77	14.263	0.043	
2207.84	14.217	0.021	
2210.81	14.199	0.025	
2213.67	13.997	0.023	
2216.72	14.112	0.021	
2222.74	14.774	0.025	
2225.71	14.917	0.028	
2228.72	15.204	0.026	
2231.70	15.354	0.027	
2234.72	15.544	0.026	
2237.73	15.799	0.033	
2238.79	15.713	0.020	
2240.70	15.879	0.020	
2240.72	15.974	0.034	
2241.69	15.964	0.020	
2242.69	16.030	0.025	
2243.68	16.069	0.024	
2243.74	16.238	0.033	
2244.71	16.089	0.046	
2246.77	16.420	0.043	
