345.69	14.590	0.030
346.68	14.442	0.057
350.66	13.806	0.084
354.65	13.619	0.023
358.64	13.852	0.030
362.62	14.262	0.029
366.62	15.044	0.099
370.55	15.472	0.054
376.58	15.186	0.075
381.58	14.828	0.047
385.57	14.756	0.043
389.57	14.905	0.025
390.53	14.973	0.038
397.48	15.731	0.075
400.54	15.835	0.037
362.62	14.262	0.029
366.62	15.044	0.099
370.55	15.472	0.054
376.58	15.186	0.075
381.58	14.828	0.047
385.57	14.756	0.043
389.57	14.905	0.025
390.53	14.973	0.038
397.48	15.731	0.075
400.54	15.835	0.037
