5.253569999999999709e+04	1.516200000000000081e+01	1.099999999999999936e-02	
5.253669999999999709e+04	1.479800000000000004e+01	1.099999999999999936e-02	
5.253780000000000291e+04	1.453999999999999915e+01	1.099999999999999936e-02	
5.253869999999999709e+04	1.432399999999999984e+01	1.099999999999999936e-02	
5.253969999999999709e+04	1.413199999999999967e+01	1.099999999999999936e-02	
5.254069999999999709e+04	1.400000000000000000e+01	1.099999999999999936e-02	
5.254169999999999709e+04	1.385999999999999943e+01	1.600000000000000033e-02	
5.254169999999999709e+04	1.387899999999999956e+01	1.099999999999999936e-02	
5.254269999999999709e+04	1.380100000000000016e+01	1.499999999999999944e-02	
5.254469999999999709e+04	1.376399999999999935e+01	1.499999999999999944e-02	
5.254659999999999854e+04	1.384699999999999953e+01	1.099999999999999936e-02	
5.256069999999999709e+04	1.562299999999999933e+01	1.099999999999999936e-02	
5.256269999999999709e+04	1.564700000000000024e+01	1.099999999999999936e-02	
5.256780000000000291e+04	1.554899999999999949e+01	1.099999999999999936e-02	
5.257059999999999854e+04	1.549699999999999989e+01	1.799999999999999864e-02	
5.257180000000000291e+04	1.537700000000000067e+01	1.099999999999999936e-02	
5.259080000000000291e+04	1.585399999999999920e+01	1.099999999999999936e-02	
5.259380000000000291e+04	1.607300000000000040e+01	1.099999999999999936e-02	
5.259750000000000000e+04	1.636700000000000088e+01	1.099999999999999936e-02	
5.260059999999999854e+04	1.654899999999999949e+01	1.299999999999999940e-02	
5.261750000000000000e+04	1.771300000000000097e+01	3.899999999999999994e-02	
5.261969999999999709e+04	1.779799999999999827e+01	2.999999999999999889e-02	
5.263159999999999854e+04	1.853399999999999892e+01	4.200000000000000261e-02	
5.265059999999999854e+04	1.943400000000000105e+01	1.029999999999999943e-01	
