55800.121	12.860	0.01	
55802.168	11.901	0.01	
55803.121	11.566	0.011	
55804.195	99	0.099	
55805.199	99	0.099	
55807.148	10.685	0.013	
55808.102	10.583	0.01	
55813.113	10.503	0.009	
55819.133	10.968	0.009	
55820.090	11.072	0.009	
55821.090	11.224	0.012	
55822.090	11.400	0.01	
55824.090	11.860	0.009	
55825.094	12.063	0.009	
55827.121	12.326	0.01	
55828.086	12.382	0.011	
55830.109	12.394	0.009	
55833.090	12.287	0.011	
55834.098	99	0.099	
55835.090	12.200	0.01	
55837.086	12.111	0.01	
55838.078	12.051	0.01	
55840.070	11.927	0.009	
55842.074	11.788	0.011	
55844.074	11.713	0.01	
55845.105	99	0.099	
55846.094	11.718	0.01	
55848.074	11.865	0.022	
55849.070	11.955	0.011	
55850.066	12.052	0.009	
55851.066	12.135	0.016	
55852.070	12.257	0.013	
55853.062	12.338	0.011	
55854.070	12.425	0.012	
55860.070	12.920	0.011	
