245 4938.98 15.670 (030) 15.638 (020) 15.596 (020) 15.718 (030) KAIT
245 4939.95 15.549 (030) 15.541 (020) 15.500 (020) 15.577 (030) Nickel
245 4940.92 15.474 (030) 15.472 (030) 15.430 (030) 15.524 (030) Nickel
245 4940.93 15.511 (030) 15.495 (020) 15.475 (020) 15.608 (030) KAIT
245 4942.95 15.455 (030) 15.409 (020) 15.376 (020) 15.529 (030) KAIT
245 4946.97 15.383 (030) 15.327 (020) 15.272 (020) 15.450 (030) KAIT
245 4948.87 15.369 (030) 15.350 (020) 15.288 (020) 15.454 (030) KAIT
245 4951.92 15.449 (030) 15.386 (020) 15.311 (020) 15.449 (030) KAIT
245 4957.97 15.770 (030) 15.535 (020) 15.423 (020) 15.537 (030) KAIT
245 4959.85 15.930 (030) 15.610 (020) 15.464 (020) 15.554 (030) KAIT
245 4960.92 16.004 (030) 15.591 (020) 15.476 (020) 15.593 (030) KAIT
245 4962.93 16.137 (036) 15.656 (024) 15.543 (026) 15.633 (084) KAIT
245 4964.90 16.322 (030) 15.762 (020) 15.584 (020) 15.568 (030) KAIT
245 4966.93 16.528 (030) 15.846 (020) 15.642 (020) 15.562 (030) KAIT
245 4966.95 16.478 (030) 15.839 (020) 15.611 (020) 15.481 (030) Nickel
245 4968.89 16.677 (030) 15.926 (020) 15.675 (020) 15.565 (030) KAIT
245 4970.88 99 	   (99)  16.029 (086) 15.696 (053) 99	  (99)  KAIT
245 4971.92 16.880 (030) 16.054 (020) 15.701 (024) 15.500 (030) Nickel
245 4972.89 16.972 (030) 16.106 (020) 15.748 (020) 15.579 (030) KAIT
245 4974.88 17.154 (030) 16.202 (020) 15.799 (020) 15.557 (030) KAIT
245 4975.87 17.188 (030) 16.239 (020) 15.797 (020) 15.526 (030) Nickel
245 4977.90 17.384 (030) 16.334 (020) 15.874 (020) 15.659 (030) KAIT
245 4981.89 17.650 (047) 16.488 (020) 16.009 (020) 15.707 (030) KAIT
245 4989.83 18.045 (078) 16.893 (027) 16.364 (020) 15.979 (034) KAIT
245 4989.87 17.891 (062) 16.855 (030) 16.333 (030) 15.951 (030) Nickel
245 4993.85 18.128 (080) 16.943 (041) 16.480 (021) 16.167 (030) KAIT
245 4993.90 18.032 (042) 16.960 (022) 16.483 (020) 16.093 (030) Nickel
245 4999.81 18.188 (057) 17.083 (026) 16.696 (020) 99	  (99) KAIT
245 4999.83 18.153 (037) 17.102 (020) 16.675 (027) 16.315 (030) Nickel
245 5004.78 18.208 (033) 17.180 (033) 16.835 (028) 16.478 (034) Nickel
245 5007.84 18.265 (030) 17.289 (022) 16.913 (027) 16.540 (031) Nickel
245 5009.80 18.254 (089) 17.277 (029) 16.944 (022) 16.677 (039) KAIT
245 5014.83 18.449 (084) 17.344 (057) 17.151 (021) 16.761 (038) KAIT
245 5015.83 18.370 (046) 17.427 (022) 17.132 (031) 16.794 (042) Nickel
