-1.922206906501796908e+01 8.100000000000000533e-01
-1.919773385419793854e+01 1.000000000000000000e+00
-1.868042293721833502e+01 6.899999999999999467e-01
-1.975664292202588612e+01 9.599999999999999645e-01
-1.926384456333622097e+01 1.199999999999999956e+00
-1.914188523720358148e+01 9.200000000000000400e-01
-1.959950863450978176e+01 1.080000000000000071e+00
-1.894386041219293659e+01 8.599999999999999867e-01
-1.929652334888459464e+01 7.299999999999999822e-01
-1.922206906501796908e+01 8.100000000000000533e-01
-1.919773385419793854e+01 1.000000000000000000e+00
-1.868042293721833502e+01 6.899999999999999467e-01
-1.975664292202588612e+01 9.599999999999999645e-01
-1.926384456333622097e+01 1.199999999999999956e+00
-1.914188523720358148e+01 9.200000000000000400e-01
-1.959950863450978176e+01 1.080000000000000071e+00
-1.894386041219293659e+01 8.599999999999999867e-01
-1.929652334888459464e+01 7.299999999999999822e-01
-1.913811415342121336e+01 8.299999999999999600e-01
-1.923274545254171031e+01 1.239999999999999991e+00
-1.934625422111620452e+01 1.189999999999999947e+00
-1.949046248331625364e+01 1.260000000000000009e+00
-1.914793829377788370e+01 8.699999999999999956e-01
-1.917581346589254210e+01 8.900000000000000133e-01
-1.918541259356876338e+01 8.199999999999999512e-01
-1.949717490112548646e+01 9.499999999999999556e-01
-1.912072660153263470e+01 8.100000000000000533e-01
-1.984886596909543499e+01 9.699999999999999734e-01
-1.947840759290831159e+01 9.799999999999999822e-01
-1.902445507145926484e+01 8.000000000000000444e-01
-1.963922961019088831e+01 1.100000000000000089e+00
-1.844818589956970811e+01 6.500000000000000222e-01
-1.826616963896933399e+01 5.500000000000000444e-01
-1.942956241108392490e+01 8.900000000000000133e-01
-1.873088784725296918e+01 7.299999999999999822e-01
-1.607405864119104777e+01 2.600000000000000089e-01
-1.895720310616630755e+01 7.399999999999999911e-01
-1.931374967466840431e+01 1.000000000000000000e+00
-1.972453081070095138e+01 1.120000000000000107e+00
-1.947987324434733836e+01 9.200000000000000400e-01
-1.680727732468954372e+01 3.599999999999999867e-01
-1.886037962802979351e+01 5.400000000000000355e-01
-1.955553602884501174e+01 8.800000000000000044e-01
-1.935080704824754960e+01 8.800000000000000044e-01
-1.917460473952607458e+01 1.060000000000000053e+00
-1.900310611967700325e+01 9.100000000000000311e-01
-1.949304860100713555e+01 1.020000000000000018e+00
-1.838036170792260293e+01 5.699999999999999512e-01
-1.842111895612682915e+01 5.899999999999999689e-01
-1.919779813554950820e+01 1.030000000000000027e+00
-1.947447351744409616e+01 1.040000000000000036e+00
-1.949586966940520227e+01 9.699999999999999734e-01
-1.926254663767218744e+01 8.399999999999999689e-01
-1.905783732492804106e+01 8.299999999999999600e-01
-1.696364383680736054e+01 3.300000000000000155e-01
