SN2011fe	29.99	0.71			1.2		0.08
SN2002dj	31.1396		1.8298		1.08	0.06
SN2003cg	30.1701		1.505		1.12	0.04
SN2003hv	22.2479		0.1181		1.61	0.02
SN2004eo	27.227		0.5799		1.37	0.03
SN1986G		16.5	1.4	1.73	0.1
SN1999ac	27.0	2	1.34	0.08
SN1999ee 	34.4	0.7	0.94	0.06
SN2000E 	31.85	0.7	0.99	0.05
SN2001el 	31.2	0.7	1.13	0.04
SN2000bh	33.3	0.6	1.16	0.01
SN2014J		28.37	5.7	1.1		0.02
SN2004dt 	28.5	0.7	1.2	0.05
SN2001ba	34	0.9	0.97	0.05
SN2001bt	28.3	0.5	1.18	0.02
SN1998bu	29.847	0.38	1.01	0.05
SN2001cn	30.1	0.5	1.15	0.02
SN2001cz	34	0.5	1.05	0.03
SN1981B		32.1913	0.011	1.10	0.07
SN1980N		21.86	2.719	1.28	0.04
SN2004gs 22.2920030804 0.362607796654
SN2004gu 35.9426735668 1.442
SN2005A 27.58  0.308
SN2005M 30.93	0.7
SN2005al 25.338 1.11414
SN2005am 21.3351770578 0.7
SN2005el 24.6372053141 0.6405
SN2005eq 35		0.7
SN2005iq 24.1944522565 0.7
SN2005na 32.6935	0.482
SN2006D 25.3609169191 0.649
SN2006X 28.1875367691 0.485067608171
SN2006ax 32.0017 0.626
SN2006bh 22.889351152 0.309471723914
SN2006kf 24.1967066507 0.817528666654
SN2007S 35.5340 0.2314
SN2007af 29.5254333578 0.162
SN2007as 24.51628	3.513
SN2007le 30.766		0.439
SN2007nq 23.69277 1.508007
SN2008C 32.416 1.9002
SN2008fp 31.033 0.20279
SN2008hv 24.68 0.28847
SN2008ia 25.5825971065 0.163895832072
SN2004ey 29.4219	0.1356
SN2005hc 36.466		2.538
SN2005ki 25.168		1.658
SN2006et 32.424		1.465
SN2006gj 20.196		1.2352
SN2006gt 20.359		1.991
SN2007bm 27.775		0.21123
SN2007on 18.18          0.13
SN2008bc 33.3314	0.227
SN2008gp 35.713		0.808
SN2008R	 14.096		0.7407
