2024.73 99 (99)	17.045 (0.042) 1
2025.67 16.977 (0.032) 16.893 (0.044) 1
2026.70 17.050 (0.028) 99 (99) 1
2029.70 17.132 (0.022) 17.000 (0.035) 1
2031.68 17.136 (0.022) 16.965 (0.036) 1
2032.70 17.190 (0.028) 17.110 (0.027) 1
2045.66 17.291 (0.024) 16.873 (0.020) 2
2047.65 17.509 (0.049) 99 (99) 1
2049.66 17.396 (0.035) 16.853 (0.039) 1
2051.65 17.430 (0.034) 16.894 (0.038) 1
2053.67 17.337 (0.031) 99 (99) 1
2055.67 17.387 (0.031) 17.078 (0.056) 1
2056.67 17.420 (0.031) 16.998 (0.022) 1
2061.65 99 (99) 16.905 (0.022) 2
2068.57 17.592 (0.033) 17.157 (0.028) 2
