8.499999999999999778e-01
5.999999999999999778e-01
7.700000000000000178e-01
9.399999999999999467e-01
8.699999999999999956e-01
9.100000000000000311e-01
9.399999999999999467e-01
8.699999999999999956e-01
1.010000000000000009e+00
8.800000000000000044e-01
9.799999999999999822e-01
9.899999999999999911e-01
9.499999999999999556e-01
8.900000000000000133e-01
8.399999999999999689e-01
8.599999999999999867e-01
8.599999999999999867e-01
1.040000000000000036e+00
1.360000000000000098e+00
9.300000000000000488e-01
7.700000000000000178e-01
7.600000000000000089e-01
7.800000000000000266e-01
1.169999999999999929e+00
9.200000000000000400e-01
1.239999999999999991e+00
