SN	Lbol	e	t2y	e	t2j	e			fl
SN2008bc 1.24 0.11 32.8989325004 0.32011 33.3314 0.227			Y
SN2008gp 1.29 0.14 33.4451154648 1.16988 35.713 0.808			Y
SN2008hv 1.08 0.13 25.0385858925 0.252111566843 24.68 0.28847		Y
SN2008ia 1.13 0.14 23.9660595345 0.667390845949 25.5825971065 0.163895832072	N
SN2005el 0.91 0.11 24.9632721104 0.106753317516 24.6372053141 0.6405		Y
SN2005eq 1.32 0.2 37.482131118 0.119841612967 35.0 0.7				N
SN2005M 1.37 0.08 28.88 3.8 30.93 0.7						N
SN2007on 0.6 0.09 18.67053 0.43328 18.18 0.13					Y
SN2005am 1.1 0.2 21.7316160578 0.117 21.3351770578 0.7				N
SN2005hc 1.36 0.2 37.5147691973 0.0982417736256 36.466 2.538			N
SN2008R 0.53 0.1 15.497 0.7403 14.096 0.7407					Y
SN2005iq 1.07 0.11 27.7425266452 0.0531582827348 24.1944522565 0.7		N
SN2005ki 1.03 0.27 26.7887194131 0.0600847621223 25.168 1.658			Y
SN2006bh 0.86 0.15 24.9812959943 0.28220857758 22.889351152 0.309471723914	Y
