2.229200308040000067e+01 3.626077966540000030e-01 7.399999999999999911e-01 8.999999999999999667e-02
3.594267356680000347e+01 1.441999999999999948e+00 1.739999999999999991e+00 1.900000000000000022e-01
3.092999999999999972e+01 6.999999999999999556e-01 1.300000000000000044e+00 1.499999999999999944e-01
3.500000000000000000e+01 6.999999999999999556e-01 1.459999999999999964e+00 1.600000000000000033e-01
2.419445225649999998e+01 6.999999999999999556e-01 9.399999999999999467e-01 1.100000000000000006e-01
3.269350000000000023e+01 4.819999999999999840e-01 1.459999999999999964e+00 1.700000000000000122e-01
2.419670665070000126e+01 8.175286666540000358e-01 9.000000000000000222e-01 1.100000000000000006e-01
2.369276999999999944e+01 1.508007000000000097e+00 8.800000000000000044e-01 1.199999999999999956e-01
2.558259710649999974e+01 1.638958320720000084e-01 1.260000000000000009e+00 1.400000000000000133e-01
3.646600000000000108e+01 2.537999999999999812e+00 1.360000000000000098e+00 1.499999999999999944e-01
2.516799999999999926e+01 1.657999999999999918e+00 1.040000000000000036e+00 1.300000000000000044e-01
3.242399999999999949e+01 1.465000000000000080e+00 2.040000000000000036e+00 2.000000000000000111e-01
2.019600000000000151e+01 1.235200000000000076e+00 6.800000000000000488e-01 8.000000000000000167e-02
2.035900000000000176e+01 1.991000000000000103e+00 4.600000000000000200e-01 5.000000000000000278e-02
