640.66	 99	99	 16.799	0.034	 16.895	0.030	 16.636	0.042	 1	\\	
641.61	 99	99	 17.054	0.029	 17.011	0.036	 16.679	0.046	 1	\\	
642.55	 17.094	0.033	 17.080	0.027	 16.941	0.030	 16.831	0.055	 1	\\	
643.60	 99	99	 17.229	0.027	 16.993	0.031	 16.824	0.059	 1	\\	
644.58	 17.143	0.032	 17.442	0.038	 17.073	0.030	 16.855	0.053	 1	\\	

650.57	 99	99	 18.374	0.044	 17.245	0.033	 99	99	 1	\\	
652.59	 99	99	 18.315	0.032	 99	99	 99	99	 1	\\	
653.61	 17.133	0.030	 18.450	0.040	 17.134	0.034	 16.918	0.049	 1	\\	
654.59	 17.069	0.029	 18.247	0.034	 17.017	0.031	 16.861	0.042	 1	\\	
658.55	 99	99	 17.862	0.024	 16.745	0.033	 16.744	0.029	 2	\\	
659.56	 99	99	 17.831	0.026	 16.801	0.025	 16.739	0.027	 2	\\	

661.58	 99	99	 17.780	0.028	 16.832	0.025	 16.909	0.040	 1	\\	
662.55	 16.643	0.026	 17.830	0.032	 16.875	0.031	 16.791	0.041	 1	\\	
663.54	 99	99	 17.646	0.034	 16.800	0.033	 99	99	 1	\\	
664.50	 99	99	 17.649	0.031	 99	99	 16.771	0.053	 1	\\	
666.56	 16.449	0.025	 17.473	0.025	 16.777	0.028	 99	99	 1	\\	

667.55	 99	99	 99	99	 16.851	0.036	 17.116	0.056	 1	\\	
668.50	 99	99	 17.333	0.025	 17.078	0.050	 99	99	 1	\\	
675.70	 99	99	 17.967	0.023	 17.366	0.031	 99	99	 2	\\	
676.54	 99	99	 99	99	 17.302	0.024	 17.477	0.029	 2	\\	

681.52	 99	99	 18.361	0.021	 17.638	0.031	 99	99	 2	\\	
683.51	 99	99	 99	99	 17.723	0.029	 17.651	0.037	 2	\\	
684.50	 99	99	 18.577	0.030	 17.822	0.036	 99	99	 2	\\	
