641.72	 99	99	 16.284	0.018	 16.103	0.010	 99	99	 16.513	0.010	 99	99	 2	\\	
642.68	 99	99	 16.405	0.013	 16.155	0.015	 99	99	 16.592	0.011	 99	99	 2	\\	
643.62	 16.632	0.060	 16.483	0.012	 16.192	0.012	 16.108	0.012	 16.633	0.012	 16.399	0.020	 1	\\	
661.78	 99	99	 18.335	0.035	 17.186	0.012	 16.810	0.012	 16.841	0.012	 99	99	 2	\\	
675.57	 99	99	 19.120	0.013	 18.009	0.012	 17.549	0.012	 17.366	0.012	 17.023	0.020	 2	\\	
676.61	 99	99	 19.183	0.013	 18.047	0.012	 17.609	0.012	 17.430	0.012	 99	99	 2	\\	
677.62	 99	99	 19.213	0.026	 18.108	0.014	 17.661	0.018	 17.476	0.012	 17.244	0.020	 2	\\	
680.75	 99	99	 19.310	0.057	 18.190	0.016	 99	99	  17.425	0.020	 2	\\	
681.58	 99	99	 19.296	0.027	 18.237	0.013	 17.822	0.010	 17.700	0.014	 17.412	0.026	 2	\\	
682.52	 99	99	 19.326	0.031	 18.234	0.012	 17.843	0.012	 17.757	0.015	 99	99	 2	\\	
683.57	 99	99	 19.330	0.026	 18.285	0.035	 17.874	0.011	 17.770	0.015	 17.608	0.027	 2	\\	
684.57	 99	99	 19.355	0.023	 18.304	0.012	 17.916	0.010	 17.824	0.011	 17.584	0.021	 2	\\	
