663.70	 16.392	0.045	 16.850	0.048	 1	\\	
664.63	 16.425	0.031	 16.711	0.087	 1	\\	
665.73	 16.364	0.029	 16.815	0.057	 1	\\	
666.72	 16.572	0.041	 16.841	0.033	 1	\\	
667.68	 16.572	0.037	 16.834	0.031	 1	\\	
668.72	 16.588	0.037	 16.923	0.040	 1	\\	
675.53	 17.356	0.043	 16.964	0.028	 2	\\	
677.74	 17.668	0.046	 16.904	0.032	 2	\\	
681.59	 18.003	0.046	 17.002	0.028	 2	\\	
684.54	 18.042	0.045	 16.813	0.028	 2	\\	
687.68	 17.849	0.046	 16.738	0.025	 2	\\	
688.47	 17.774	0.058	 99	99	 2	\\	
99	99	
