 569.26	   -7.74	   13.63	   0.03	   13.93	   0.07	   99	99	   99	99	   AZT-24	 \\	
 570.28	   -6.72	   13.60	   0.01	   13.74	   0.06	   13.59	   0.08	   AZT-24	 \\	
 571.23	   -5.77	   13.54	   0.02	   13.77	   0.05	   13.52	   0.06	   AZT-24	 \\	
 574.27	   -2.73	   13.47	   0.02	   13.88	   0.07	   13.42	   0.06	   AZT-24	 \\	
 575.27	   -1.73	   13.57	   0.04	   13.93	   0.06	   99	99	   99	99	   AZT-24	 \\	
 576.22	   -0.78	   13.58	   0.03	   13.86	   0.07	   13.45	   0.05	   AZT-24	 \\	
 584.71	   7.71	   14.51	   0.02	   14.05	   0.07	   99	99	   99	99	   AZT-24	 \\	
 586.31	   9.31	   14.64	   0.06	   14.13	   0.08	   14.06	   0.08	   AZT-24	 \\	
 588.25	   11.25	   14.94	   0.03	   14.02	   0.08	   99	99	   99	99	   AZT-24	 \\	
 599.69	   22.69	   14.79	   0.06	   99	99	   99	99	   13.69	   0.04	   AZT-24	 \\	
 601.64	   24.64	   14.68	   0.05	   13.86	   0.02	   13.53	   0.04	   AZT-24	 \\	
 623.57	   46.57	   15.46	   0.06	   14.50	   0.06	   14.26	   0.10	   AZT-24	 \\	
 624.52	   47.52	   15.51	   0.05	   99	99	   99	99	   99	99	   99	99	   AZT-24	 \\	
 636.66	   59.66	   16.17	   0.06	   15.13	   0.07	   14.90	   0.04	   AZT-24	 \\	
 667.61	   90.61	   17.80	   0.15	   16.45	   0.15	   99	99	   99	99	   AZT-24	 \\	
 689.62	   112.62	   18.94	   0.15	   99	99	   99	99	   99	99	   99	99	   AZT-24	 \\	
 691.62	   114.62	   >	19.36	   99	99	   17.16	   0.10	   16.74	   0.09	  $TNG/ARNICA$	\\	
 703.58	   126.58	   99	99	   99	99	   17.58	   0.20	   99	99	   99	99	   AZT-24	 \\	
