2028.58	 17.027	0.033	 99	99	 99	99	 1	\\	
2029.56	 16.998	0.023	 17.240	0.040	 17.187	0.062	 1	\\	
2030.53	 99	99	 17.251	0.038	 99	99	 1	\\	
2031.54	 16.992	0.018	 17.332	0.045	 17.161	0.081	 1	\\	
2032.58	 16.994	0.029	 17.310	0.057	 17.061	0.064	 1	\\	
2044.57	 18.362	0.053	 17.920	0.056	 99	99	 1	\\	
2045.52	 18.671	0.045	 17.777	0.077	 17.441	0.029	 1	\\	
2047.53	 18.977	0.082	 17.941	0.075	 17.525	0.087	 1	\\	
2048.48	 19.115	0.136	 99	99	 99	99	 1	\\	
2049.54	 18.742	0.095	 17.855	0.108	 17.422	0.093	 1	\\	
2052.55	 18.872	0.076	 17.771	0.048	 17.554	0.116	 1	\\	
2055.54	 18.525	0.061	 17.837	0.107	 17.246	0.073	 1	\\	
2057.54	 18.514	0.052	 17.437	0.045	 17.389	0.079	 1	\\	
2061.56	 18.314	0.031	 17.448	0.056	 99	99	 2	\\	
2068.46	 18.006	0.029	 17.485	0.029	 99	99	 2	\\	
2069.46	 18.021	0.035	 17.516	0.027	 99	99	 2	\\	
