2075.85	 99	99	 15.559	0.013	 15.312	0.008	 15.162	0.011	 15.470	0.013	 2	\\	
2075.84	 99	99	 15.639	0.014	 15.289	0.007	 15.182	0.016	 15.479	0.016	 1	\\	
2076.80	 15.716	0.057	 15.611	0.022	 15.332	0.013	 15.196	0.020	 15.524	0.022	 2	\\	
2076.85	 99	99	 15.631	0.023	 15.312	0.015	 15.204	0.024	 15.582	0.024	 1	\\	
2077.79	 15.805	0.059	 15.676	0.023	 15.365	0.013	 15.233	0.020	 15.573	0.023	 2	\\	
2078.80	 15.868	0.062	 15.759	0.022	 15.410	0.013	 15.300	0.019	 15.650	0.023	 2	\\	
2079.73	 99	99	 15.785	0.015	 15.411	0.010	 15.350	0.019	 15.757	0.018	 1	\\	
2082.71	 99	99	 16.099	0.008	 15.556	0.005	 15.556	0.008	 15.989	0.010	 1	\\	
2085.71	 99	99	 16.425	0.009	 15.765	0.005	 15.739	0.010	 16.084	0.033	 1	\\	
2088.67	 99	99	 16.822	0.011	 15.930	0.006	 15.817	0.010	 16.041	0.014	 1	\\	
\\	
2091.65	 99	99	 17.173	0.019	 16.103	0.005	 15.865	0.008	 15.941	0.010	 1	\\	
2094.81	 99	99	 17.532	0.020	 16.264	0.005	 15.929	0.010	 15.874	0.015	 1	\\	
2096.72	 99	99	 17.729	0.059	 16.394	0.033	 15.972	0.049	 15.809	0.061	 1	\\	
2097.71	 99	99	 17.800	0.021	 16.435	0.009	 16.007	0.015	 15.836	0.029	 1	\\	
2101.72	 99	99	 18.086	0.018	 16.724	0.010	 16.232	0.017	 15.903	0.017	 1	\\	
2104.67	 99	99	 18.275	0.018	 16.901	0.006	 16.435	0.011	 16.085	0.011	 1	\\	
2106.67	 99	99	 18.379	0.016	 17.029	0.006	 16.569	0.011	 16.262	0.017	 1	\\	
2114.86	 99	99	 18.667	0.026	 17.378	0.010	 16.995	0.025	 16.787	0.027	 1	\\	
2117.81	 99	99	 18.664	0.033	 17.461	0.012	 17.071	0.023	 16.903	0.081	 1	\\	
2122.62	 99	99	 18.763	0.071	 17.634	0.030	 17.201	0.047	 17.117	0.053	 1	\\	
\\	
2123.61	 99	99	 18.757	0.035	 17.613	0.011	 17.255	0.019	 17.141	0.020	 1	\\	
2127.67	 99	99	 18.846	0.075	 17.747	0.038	 17.399	0.057	 17.309	0.061	 1	\\	
2130.76	 99	99	 18.897	0.056	 17.763	0.030	 17.463	0.044	 17.408	0.066	 1	\\	
2140.72	 99	99	 19.057	0.054	 18.059	0.022	 17.794	0.035	 17.774	0.046	 1	\\	
2156.71	 99	99	 19.127	0.080	 18.546	0.040	 18.278	0.077	 18.361	0.111	 1	\\	
