2075.84	 15.899	0.028	 16.084	0.062	 15.667	0.095	\\	
2076.84	 16.171	0.046	 16.144	0.071	 15.684	0.099	\\	
2079.73	 16.561	0.044	 16.088	0.077	 15.829	0.104	\\	
2082.71	 17.011	0.035	 16.164	0.058	 99	99	\\	
2085.69	 17.379	0.059	 16.039	0.095	 99	99	\\	
2088.67	 17.191	0.036	 15.907	0.056	 99	99	\\	
2091.64	 17.130	0.036	 15.829	0.057	 99	99	\\	
2094.74	 16.959	0.036	 15.873	0.071	 99	99	\\	
2096.72	 16.842	0.040	 15.707	0.069	 99	99	\\	
2097.69	 16.831	0.034	 15.665	0.054	 99	99	\\	
2101.70	 16.560	0.031	 15.792	0.052	 99	99	\\	
2104.66	 16.629	0.029	 15.895	0.048	 99	99	\\	
2106.66	 16.796	0.030	 16.072	0.049	 99	99	\\	
2114.84	 17.716	0.085	 16.606	0.136	 99	99	\\	
2117.47	 17.896	0.079	 16.808	0.128	 99	99	\\	
2122.60	 18.273	0.153	 16.887	0.232	 99	99	\\	
2123.60	 18.400	0.103	 16.905	0.156	 99	99	\\	
2127.66	 18.401	0.135	 17.445	0.216	 99	99	\\	
2130.76	 18.855	0.193	 17.449	0.301	 99	99	\\	
