2101.52	 15.404	0.061	 15.730	0.126	 15.397	0.132	\\	
2104.46	 15.499	0.061	 15.879	0.121	 15.607	0.130	\\	
2106.46	 15.623	0.064	 15.996	0.121	 15.685	0.148	\\	
2112.52	 16.580	0.120	 16.023	0.216	 15.759	0.258	\\	
2114.47	 16.806	0.085	 16.153	0.155	 15.805	0.172	\\	
2117.46	 17.163	0.099	 16.155	0.168	 16.062	0.187	\\	
2123.46	 17.477	0.125	 15.882	0.198	 15.785	0.208	\\	
2128.47	 17.029	0.091	 15.646	0.155	 15.642	0.177	\\	
2130.48	 16.833	0.079	 15.646	0.140	 15.704	0.161	\\	
2137.49	 16.540	0.102	 15.722	0.188	 99	99	\\	
2144.47	 17.020	0.078	 16.220	0.143	 99	99	\\	
2151.47	 17.664	0.098	 16.574	0.173	 99	99	\\	
