55800.121	 12.860	0.01	 12.822	0.009	 12.855	0.031	\\	
55802.168	 11.901	0.01	 11.898	0.008	 11.967	0.029	\\	
55803.121	 11.566	0.011	 11.587	0.008	 11.609	0.012	\\	
55804.195	 99	0.099	 11.317	0.01	 99	0.099	\\	
55805.199	 99	0.099	 11.124	0.008	 99	0.099	\\	
55807.148	 10.685	0.013	 10.849	0.008	 10.809	0.014	\\	
55808.102	 10.583	0.01	 10.768	0.008	 10.720	0.011	\\	
55813.113	 10.503	0.009	 10.804	0.008	 10.641	0.013	\\	
55819.133	 10.968	0.009	 11.028	0.008	 10.890	0.012	\\	
55820.090	 11.072	0.009	 11.036	0.008	 10.912	0.011	\\	
55821.090	 11.224	0.012	 11.035	0.009	 10.955	0.012	\\	
55822.090	 11.400	0.01	 11.059	0.008	 10.994	0.013	\\	
55824.090	 11.860	0.009	 11.096	0.008	 11.061	0.011	\\	
55825.094	 12.063	0.009	 11.100	0.008	 11.076	0.012	\\	
55827.121	 12.326	0.01	 11.084	0.008	 11.075	0.012	\\	
55828.086	 12.382	0.011	 11.045	0.009	 11.061	0.013	\\	
55830.109	 12.394	0.009	 10.966	0.008	 11.014	0.012	\\	
55833.090	 12.287	0.011	 10.827	0.008	 10.909	0.012	\\	
55834.098	 99	0.099	 10.779	0.015	 99	0.099	\\	
55835.090	 12.200	0.01	 10.771	0.008	 10.861	0.014	\\	
55837.086	 12.111	0.01	 10.726	0.008	 10.821	0.012	\\	
55838.078	 12.051	0.01	 10.715	0.008	 10.808	0.013	\\	
55840.070	 11.927	0.009	 10.704	0.008	 10.818	0.011	\\	
55842.074	 11.788	0.011	 10.734	0.008	 10.845	0.011	\\	
55844.074	 11.713	0.01	 10.797	0.008	 10.939	0.012	\\	
55845.105	 99	0.099	 10.845	0.009	 99	0.099	\\	
55846.094	 11.718	0.01	 10.891	0.009	 11.040	0.015	\\	
55848.074	 11.865	0.022	 11.030	0.008	 11.215	0.013	\\	
55849.070	 11.955	0.011	 11.101	0.008	 11.289	0.012	\\	
55850.066	 12.052	0.009	 11.178	0.01	 11.405	0.026	\\	
55851.066	 12.135	0.016	 11.245	0.008	 11.467	0.013	\\	
55852.070	 12.257	0.013	 11.304	0.008	 11.517	0.013	\\	
55853.062	 12.338	0.011	 11.356	0.01	 11.569	0.015	\\	
55854.070	 12.425	0.012	 11.415	0.01	 11.632	0.013	\\	
55860.070	 12.920	0.011	 11.708	0.008	 11.927	0.012	\\	
