461.59	 99	99	 14.964	0.022	 15.117	0.024	 14.859	0.041	 1	\\	
462.56	 14.899	0.032	 14.804	0.022	 15.082	0.024	 14.808	0.041	 1	\\	
463.55	 14.788	0.032	 14.797	0.022	 15.016	0.024	 99	99	 1	\\	
464.56	 14.733	0.032	 14.669	0.022	 14.934	0.024	 14.667	0.036	 1	\\	
465.52	 14.811	0.032	 14.676	0.022	 14.993	0.025	 14.572	0.034	 1	\\	
467.52	 14.880	0.032	 14.817	0.022	 15.000	0.026	 14.626	0.043	 1	\\	
468.53	 14.928	0.032	 14.797	0.022	 15.121	0.026	 14.592	0.042	 1	\\	
477.50	 99	99	 99	99	 15.312	0.026	 99	99	 2	\\	
478.51	 99	99	 15.716	0.024	 99	99	 99	99	 2	\\	
479.52	 99	99	 99	99	 15.411	0.028	 99	99	 2	\\	
481.48	 99	99	 99	99	 15.391	0.028	 99	99	 2	\\	
482.57	 15.534	0.033	 16.175	0.026	 15.348	0.030	 14.748	0.046	 1	\\	
483.56	 15.588	0.032	 16.289	0.030	 15.349	0.027	 14.809	0.060	 1	\\	
484.54	 15.464	0.032	 16.355	0.026	 15.259	0.027	 14.918	0.039	 1	\\	
485.50	 99	99	 16.325	0.033	 15.179	0.034	 99	99	 1	\\	
486.53	 15.416	0.032	 16.314	0.028	 15.259	0.026	 14.853	0.046	 1	\\	
487.55	 15.419	0.032	 16.228	0.026	 15.128	0.026	 14.972	0.046	 1	\\	
488.55	 15.347	0.032	 16.285	0.024	 15.161	0.025	 14.961	0.052	 1	\\	
489.56	 15.279	0.031	 16.240	0.026	 15.176	0.025	 14.934	0.050	 1	\\	
661.88\tablenotemark{c}	 99	99	 $>$	19.00	 $>$	18.64	 $>$	17.00	 1	\\	
662.86	 19.64		+0.26,$-$0.21	 99	99	 99	99	 99	99	 1	\\	
