478.840	 18.061	0.023	 17.401	0.018	 16.901	0.015	 16.557	0.016	\\	
478.840	 18.048	0.021	 17.378	0.016	 16.883	0.015	 16.569	0.015	\\	
479.836	 17.987	0.041	 17.362	0.035	 16.778	0.023	 16.479	0.027	\\	
479.840	 17.925	0.037	 17.351	0.036	 16.770	0.024	 16.520	0.032	\\	
480.758	 18.070	0.070	 17.324	0.058	 16.760	0.055	 16.574	0.079	\\	
480.758	 17.984	0.082	 17.339	0.060	 16.856	0.058	 16.573	0.072	\\	
481.785	 17.938	0.016	 17.250	0.015	 16.807	0.015	 16.574	0.015	\\	
481.789	 17.930	0.023	 17.278	0.015	 16.820	0.015	 16.580	0.015	\\	
483.863	 17.955	0.015	 17.250	0.015	 16.817	0.015	 16.675	0.016	\\	
483.867	 17.913	0.014	 17.240	0.015	 16.824	0.015	 16.681	0.015	\\	
\\	
484.734	 17.968	0.014	 17.243	0.015	 16.834	0.015	 16.705	0.015	\\	
484.738	 17.983	0.014	 17.268	0.015	 16.850	0.015	 16.699	0.015	\\	
485.801	 17.998	0.029	 17.300	0.043	 99	99	 16.751	0.016	\\	
485.805	 18.034	0.057	 17.291	0.023	 16.816	0.015	 16.795	0.023	\\	
486.824	 18.069	0.014	 17.275	0.015	 16.875	0.015	 16.788	0.015	\\	
486.824	 18.062	0.015	 17.284	0.015	 16.870	0.015	 16.765	0.015	\\	
487.812	 18.108	0.014	 17.325	0.015	 16.902	0.015	 16.851	0.016	\\	
487.812	 18.103	0.016	 17.317	0.015	 16.901	0.015	 16.814	0.017	\\	
488.813	 18.182	0.014	 17.364	0.015	 16.978	0.015	 16.917	0.015	\\	
489.762	 18.289	0.019	 17.394	0.021	 17.032	0.020	 16.961	0.024	\\	
\\	
489.766	 18.258	0.018	 17.410	0.019	 17.044	0.016	 16.966	0.024	\\	
490.844	 18.358	0.014	 17.455	0.015	 17.128	0.015	 17.096	0.023	\\	
490.848	 18.374	0.017	 17.468	0.015	 17.138	0.017	 17.058	0.019	\\	
492.859	 18.552	0.018	 17.583	0.015	 17.301	0.015	 17.223	0.018	\\	
492.871	 18.541	0.051	 17.562	0.024	 17.298	0.029	 17.222	0.023	\\	
493.812	 18.668	0.016	 17.647	0.015	 17.354	0.015	 17.287	0.018	\\	
493.828	 18.672	0.017	 17.654	0.015	 17.350	0.015	 17.230	0.018	\\	
501.848	 19.654	0.026	 18.116	0.016	 17.547	0.016	 17.175	0.016	\\	
501.852	 19.671	0.031	 18.131	0.018	 17.526	0.015	 17.162	0.017	\\	
503.695	 20.384	0.208	 18.300	0.022	 17.663	0.016	 99	99	\\	
\\	
504.707	 20.057	0.176	 18.248	0.025	 17.614	0.017	 17.065	0.016	\\	
506.778	 20.308	0.206	 99	99	 99	99	 99	99	\\	
508.836	 20.312	0.134	 18.518	0.027	 17.722	0.018	 17.075	0.015	\\	
