473.99	 99	99	 16.414	0.115	 16.544	0.076	 1	\\	
477.67	 16.150	0.039	 16.079	0.040	 99	99	 2	\\	
477.80	 16.124	0.020	 16.281	0.018	 99	99	 3	\\	
478.69	 16.097	0.050	 16.136	0.050	 99	99	 2	\\	
481.82	 16.209	0.019	 16.331	0.020	 99	99	 3	\\	
483.78	 16.415	0.023	 16.464	0.038	 99	99	 4	\\	
484.81	 16.436	0.024	 16.485	0.024	 99	99	 4	\\	
485.78	 16.539	0.024	 16.405	0.163	 99	99	 4	\\	
486.82	 16.908	0.068	 16.676	0.135	 99	99	 4	\\	
487.79	 16.778	0.023	 16.648	0.025	 99	99	 4	\\	
488.80	 16.935	0.022	 16.645	0.029	 99	99	 4	\\	
489.84	 17.134	0.023	 16.525	0.031	 99	99	 4	\\	
497.66	 17.819	0.081	 16.455	0.070	 99	99	 2	\\	
503.64	 17.563	0.065	 16.296	0.059	 99	99	 2	\\	
504.67	 17.441	0.088	 16.253	0.073	 99	99	 2	\\	
