44674.67	12.70	5	13.00	5	12.60	5	\\	
44679.0	13.19	7	12.95	6	12.81	5	\\	
44680.73	13.75	5	13.27	5	12.99	5	\\	
44685.7	14.18	3	12.98	2	12.89	2	\\	
44687.7	14.20	3	12.90	2	12.90	2	\\	
44689.0	14.29	2	12.93	3	12.87	4	\\	
44689.8	14.11	3	12.84	2	12.67	2	\\	
44690.8	14.17	2	12.82	2	12.81	3	\\	
44691.7	13.85	3	12.69	2	12.77	2	\\	
44692.8	13.99	3	12.73	5	12.81	4	\\	
44695.8	13.66	3	12.59	3	12.68	5	\\	
44708.7	14.01	11	13.19	8	99	99	\\	
44737.7	16.09	15	14.53	7	14.67	7	\\	
44738.5	16.19	6	14.53	3	14.67	3	\\	
44748.5	16.65	5	15.02	3	15.03	5	\\	
44768.5	17.52	11	15.80	4	15.71	5	\\	
44782.5	17.87	13	16.22	8	15.99	13	\\	
