8.149999999999999467e-01 3.000000000000000062e-03 1.159999999999999920e+00 1.499999999999999944e-01
6.929999999999999494e-01 4.000000000000000083e-03 1.030000000000000027e+00 1.400000000000000133e-01
1.243999999999999995e+00 1.000000000000000021e-02 1.590000000000000080e+00 1.900000000000000022e-01
1.205999999999999961e+00 3.000000000000000062e-03 1.459999999999999964e+00 1.600000000000000033e-01
1.241000000000000103e+00 8.000000000000000167e-03 1.489999999999999991e+00 1.600000000000000033e-01
1.191000000000000059e+00 6.000000000000000125e-03 1.429999999999999938e+00 1.400000000000000133e-01
1.268000000000000016e+00 1.499999999999999944e-02 1.620000000000000107e+00 2.000000000000000111e-01
8.709999999999999964e-01 4.000000000000000083e-03 1.100000000000000089e+00 1.400000000000000133e-01
8.239999999999999547e-01 3.000000000000000062e-03 1.060000000000000053e+00 1.300000000000000044e-01
9.579999999999999627e-01 7.000000000000000146e-03 1.419999999999999929e+00 1.400000000000000133e-01
1.102000000000000091e+00 8.999999999999999320e-03 1.580000000000000071e+00 1.600000000000000033e-01
6.580000000000000293e-01 7.000000000000000146e-03 1.070000000000000062e+00 1.499999999999999944e-01
5.590000000000000524e-01 7.000000000000000146e-03 1.090000000000000080e+00 1.700000000000000122e-01
7.329999999999999849e-01 4.000000000000000083e-03 9.499999999999999556e-01 1.000000000000000056e-01
7.409999999999999920e-01 7.000000000000000146e-03 9.799999999999999822e-01 1.199999999999999956e-01
1.250999999999999890e+00 1.099999999999999936e-02 1.500000000000000000e+00 1.400000000000000133e-01
5.470000000000000417e-01 6.000000000000000125e-03 1.429999999999999938e+00 1.900000000000000022e-01
8.860000000000000098e-01 5.000000000000000104e-03 1.310000000000000053e+00 1.199999999999999956e-01
8.830000000000000071e-01 4.000000000000000083e-03 1.139999999999999902e+00 1.300000000000000044e-01
1.016000000000000014e+00 3.099999999999999978e-02 1.520000000000000018e+00 1.700000000000000122e-01
9.150000000000000355e-01 6.000000000000000125e-03 1.189999999999999947e+00 1.700000000000000122e-01
7.489999999999999991e-01 5.000000000000000104e-03 1.120000000000000107e+00 1.799999999999999933e-01
1.151000000000000023e+00 8.000000000000000167e-03 1.510000000000000009e+00 1.799999999999999933e-01
8.369999999999999662e-01 4.000000000000000083e-03 1.090000000000000080e+00 1.199999999999999956e-01
