 #generated on Thu Oct 17 11:54:37 2013 using mklcbolinput.pro 
 #NAME SN2009dc
 #AV_HOST 	0.109810338337 +/- 0.02
 #RV_HOST 3.1 +/- 0.0
  #AV_MW 	0.18507+/- 0.000 
#RV_MW  3.100 +/- 0.000
#DIST_MOD 34.8476555179 +/- 0.1 
 #NFILT 8
 #
#FILTER U_Bessell - 15  MEASUREMENTS (MJD MAG MAGERR)
54941.40802 15.4715 0.0364
54944.25288 15.4900 0.0447
54946.43906 15.5260 0.0334
54948.40149 15.6270 0.0377
54950.44411 15.7660 0.0361
54952.47349 15.9200 0.0369
54970.33674 17.9075 0.0726
54974.16859 18.2620 0.1444
54975.33841 18.0740 0.1703
54977.29410 18.3290 0.1904
54982.19340 18.4050 0.2431
54983.29687 18.7600 0.2481
54984.42557 19.4050 0.2196
54994.20249 19.4980 0.3719
55003.28601 19.6910 0.3756
#FILTER B_Bessell - 35  MEASUREMENTS (MJD MAG MAGERR)
54940.42416 15.4210 0.0152
54941.40428 15.4180 0.0310
54942.23464 15.3995 0.0336
54944.24915 15.3040 0.0267
54945.27839 15.3345 0.0515
54946.42020 15.3090 0.0424
54948.39777 15.2970 0.0287
54950.44037 15.3975 0.0501
54951.18205 15.4105 0.0197
54952.47046 15.4180 0.0255
54955.16922 15.5780 0.0582
54963.18353 16.1420 0.0260
54965.16130 16.3160 0.0570
54967.14874 16.4420 0.0251
54968.34745 16.5535 0.0374
54969.35090 16.6360 0.0545
54970.29970 16.7100 0.0240
54974.16486 17.0645 0.0371
54975.33257 17.0820 0.0343
54977.28682 17.2260 0.0290
54982.18966 17.5235 0.0394
54983.29036 17.5825 0.0352
54984.42183 17.6275 0.0368
54986.36888 17.7670 0.0537
54993.18993 17.9350 0.0290
54994.24640 17.8930 0.0716
54995.17105 17.9610 0.0484
54997.40284 18.0005 0.0475
55000.22455 18.0035 0.0603
55003.28042 18.1835 0.0627
55005.21085 18.1675 0.0727
55008.23973 18.1555 0.0592
55025.15916 18.4820 0.0560
55088.12848 19.3970 0.1415
55092.13532 19.3980 0.1735
#FILTER V_Bessell - 49  MEASUREMENTS (MJD MAG MAGERR)
54935.46668 16.0300 0.0424
54940.42115 15.4070 0.0181
54941.40128 15.3905 0.0405
54942.23163 15.3330 0.0353
54944.24615 15.2755 0.0151
54945.27538 15.2620 0.0157
54946.40709 15.2555 0.0153
54948.39477 15.2600 0.0169
54950.43736 15.3005 0.0158
54951.17975 15.3215 0.0176
54952.46815 15.3405 0.0166
54955.16691 15.4340 0.0251
54956.22727 15.4520 0.0170
54958.17983 15.4990 0.0167
54959.17682 15.5110 0.0177
54960.28237 15.5770 0.0181
54963.18052 15.6630 0.0151
54965.15828 15.7495 0.0155
54967.14573 15.8400 0.0152
54968.34192 15.9040 0.0343
54969.29727 15.9115 0.0229
54970.29600 15.9810 0.0164
54974.16115 16.1630 0.0248
54975.32545 16.1945 0.0173
54977.28311 16.3015 0.0168
54982.18596 16.5305 0.0162
54983.27988 16.5780 0.0162
54984.41814 16.6480 0.0165
54985.14787 16.6740 0.0165
54986.36516 16.7255 0.0331
54988.17341 16.9085 0.0247
54990.25752 16.8530 0.0253
54993.18623 16.9760 0.0223
54994.23891 16.9635 0.0210
54995.16551 16.9800 0.0183
54997.39730 17.0615 0.0198
55000.21902 17.0940 0.0300
55003.27488 17.1925 0.0447
55005.20530 17.2225 0.0379
55007.22054 17.3310 0.0351
55008.23604 17.2700 0.0211
55021.32476 17.5730 0.0291
55022.33683 17.6300 0.0533
55025.15545 17.5890 0.0244
55035.28685 17.6890 0.0410
55039.15550 17.8695 0.0629
55044.21909 18.0190 0.0488
55088.12888 18.8510 0.0727
55092.13162 18.9105 0.0624
#FILTER R_Bessell - 49  MEASUREMENTS (MJD MAG MAGERR)
54940.41814 15.5310 0.0167
54941.39827 15.5055 0.0361
54942.22862 15.4515 0.0174
54944.24314 15.4220 0.0369
54945.27237 15.3830 0.0243
54946.39147 15.3665 0.0242
54948.39176 15.3620 0.0241
54950.43435 15.3775 0.0349
54951.17744 15.3895 0.0186
54952.46583 15.3950 0.0336
54955.16460 15.4335 0.0208
54956.20360 15.4650 0.0395
54958.17750 15.5270 0.0389
54959.17451 15.5855 0.0272
54960.28005 15.5660 0.0197
54963.17821 15.6460 0.0241
54965.15597 15.6885 0.0254
54967.14343 15.7310 0.0169
54968.33891 15.7580 0.0375
54969.30141 15.7980 0.0184
54970.27874 15.7990 0.0170
54974.15814 15.8905 0.0150
54975.31866 15.9325 0.0177
54977.28012 16.0015 0.0190
54982.18295 16.2015 0.0220
54983.27689 16.2545 0.0188
54984.41513 16.3100 0.0209
54985.14487 16.3205 0.0248
54986.36215 16.4150 0.0246
54988.17042 16.4730 0.0269
54990.25451 16.5420 0.0191
54993.18322 16.6745 0.0310
54994.23590 16.6755 0.0269
54995.16251 16.7005 0.0328
54997.39431 16.7815 0.0219
55000.21599 16.8705 0.0216
55003.27187 16.9550 0.0282
55005.20228 17.0065 0.0251
55007.21755 17.0430 0.0302
55008.23306 17.0675 0.0206
55021.32174 17.4415 0.0258
55022.30987 17.4860 0.0773
55025.15244 17.5000 0.0261
55035.29462 17.8210 0.0803
55038.28184 17.8195 0.0893
55039.14904 17.9420 0.0362
55044.21539 17.9805 0.0462
55088.12414 19.1635 0.0835
55092.14319 19.3000 0.0909
#FILTER I_Bessell - 46  MEASUREMENTS (MJD MAG MAGERR)
54935.46067 16.2130 0.0414
54940.41514 15.9050 0.0213
54941.39527 15.8580 0.0389
54942.22561 15.8130 0.0185
54944.24013 15.7790 0.0206
54945.26938 15.7530 0.0201
54946.38846 15.7370 0.0193
54948.38875 15.7500 0.0194
54950.43135 15.7480 0.0188
54951.17514 15.7630 0.0184
54952.46352 15.7640 0.0195
54955.16229 15.7930 0.0175
54956.19060 15.8245 0.0494
54958.17519 15.8620 0.0192
54959.17220 15.8630 0.0189
54960.27773 15.8920 0.0213
54963.17589 15.9120 0.0194
54965.15367 15.9420 0.0203
54967.14112 15.9130 0.0185
54969.27539 15.9525 0.0353
54970.27573 15.9230 0.0203
54974.15514 15.9490 0.0205
54975.31318 15.9635 0.0196
54977.27711 16.0000 0.0200
54982.17995 16.1520 0.0205
54983.27387 16.1860 0.0195
54984.41212 16.2430 0.0415
54985.14188 16.2540 0.0205
54986.35914 16.3200 0.0320
54988.16741 16.3550 0.0200
54990.25151 16.4515 0.0245
54994.23288 16.6200 0.0489
54995.15949 16.6290 0.0176
54997.39130 16.7680 0.0243
55000.21299 16.8310 0.0239
55003.26885 16.9390 0.0297
55005.17586 17.0175 0.0313
55007.21454 17.0920 0.0265
55021.31873 17.5410 0.0309
55022.31802 17.6105 0.1031
55025.14942 17.6270 0.0372
55035.29118 17.8015 0.1251
55039.14074 18.0565 0.1015
55044.21170 18.1880 0.0645
55088.14332 19.2200 0.1202
55092.13950 19.3120 0.1123
#FILTER J_MKO - 42  MEASUREMENTS (MJD MAG MAGERR)
54934.39 16.17 0.03
54937.40 15.89 0.02
54938.33 15.81 0.02
54942.39 15.69 0.03
54943.36 15.72 0.02
54944.39 15.66 0.02
54945.36 15.63 0.03
54946.39 15.59 0.04
54949.36 15.61 0.03
54951.38 15.61 0.03
54952.35 15.65 0.05
54954.34 15.68 0.03
54955.35 15.76 0.02
54956.33 15.65 0.07
54959.30 15.80 0.04
54960.48 15.94 0.03
54961.33 15.91 0.03
54962.32 15.96 0.02
54963.30 15.93 0.03
54964.33 15.95 0.05
54965.27 15.96 0.03
54966.31 15.95 0.02
54967.31 15.99 0.03
54970.29 15.97 0.02
54975.26 15.87 0.02
54976.29 15.88 0.03
54977.27 15.88 0.04
54979.24 15.89 0.02
54980.27 16.01 0.03
54982.27 15.96 0.03
54983.25 15.93 0.03
54984.23 16.01 0.02
54985.26 16.03 0.03
54990.28 16.08 0.28
54993.23 16.36 0.02
54995.34 16.35 0.03
54997.23 16.55 0.04
54999.25 16.69 0.04
55000.32 16.65 0.09
55001.21 16.79 0.04
55002.31 16.89 0.05
55004.22 16.92 0.04
#FILTER H_MKO - 39  MEASUREMENTS (MJD MAG MAGERR)
54934.39 16.26 0.08
54937.40 16.16 0.08
54938.33 16.09 0.06
54942.39 15.85 0.03
54944.39 15.76 0.06
54945.36 15.62 0.06
54946.39 15.66 0.06
54949.36 15.80 0.06
54951.38 15.72 0.06
54952.35 15.72 0.06
54954.34 15.67 0.06
54955.35 15.75 0.08
54959.30 15.61 0.06
54960.48 15.61 0.05
54961.33 15.62 0.06
54962.32 15.64 0.05
54963.30 15.57 0.05
54964.33 15.59 0.06
54965.27 15.54 0.04
54966.31 15.56 0.05
54967.31 15.47 0.05
54970.29 15.48 0.06
54975.26 15.55 0.18
54976.29 15.55 0.05
54977.27 15.52 0.08
54979.24 15.55 0.05
54980.27 15.56 0.05
54982.27 15.57 0.04
54983.25 15.67 0.06
54984.23 15.58 0.07
54985.26 15.64 0.06
54993.23 15.97 0.06
54995.34 15.99 0.06
54997.23 16.10 0.06
54999.25 16.21 0.10
55000.32 16.36 0.12
55001.21 16.23 0.11
55002.31 16.17 0.07
55004.22 16.44 0.12
#FILTER K_MKO - 23  MEASUREMENTS (MJD MAG MAGERR)
54937.40 15.84 0.02
54938.33 15.90 0.04
54942.39 15.65 0.05
54943.36 15.76 0.07
54944.39 15.44 0.04
54945.36 15.60 0.03
54949.36 15.55 0.06
54951.38 15.49 0.10
54952.35 15.49 0.04
54955.35 15.40 0.07
54960.48 15.40 0.02
54965.27 15.37 0.06
54966.31 15.40 0.03
54967.31 15.38 0.18
54975.26 15.46 0.17
54976.29 15.41 0.04
54980.27 15.59 0.05
54982.27 15.71 0.09
54983.25 15.68 0.06
54993.23 15.86 0.05
54997.23 16.20 0.03
54999.25 16.36 0.06
55004.22 16.57 0.10
