SCH1p5                     bol       15.371  2.2649e+42     0.977  3    10.980    20.980
SCH1p5                     uvoir     15.422  1.7504e+42     1.040  3    10.980    20.980
SCH1p5                     U         12.637     -15.864     1.092  3     8.210    18.210
SCH1p5                     B         13.359     -16.636     1.516  3     8.210    18.210
SCH1p5                     V         15.620     -17.577     1.323  2    10.980    20.980
SCH1p5                     R         16.266     -17.852     1.225  2    10.980    20.980
SCH1p5                     I         18.422     -17.978     0.807  3    12.580    22.580
SCH1p5                     J         14.640     -17.797     0.888  3    10.530    18.530
SCH1p5                     H         19.577     -17.944     1.225  3    13.580    21.580
SCH1p5                     K       -999.990    -999.990  -999.990  0     0.000     0.000
SCH2p0                     bol       15.935  3.1679e+42     0.855  3    10.980    20.980
SCH2p0                     uvoir     16.082  2.5692e+42     0.976  3    10.980    20.980
SCH2p0                     U         13.811     -16.591     1.263  3     9.530    19.530
SCH2p0                     B         14.555     -17.272     1.644  2     9.530    19.530
SCH2p0                     V         16.937     -17.986     1.269  2    12.580    22.580
SCH2p0                     R         17.284     -18.178     1.074  2    12.580    22.580
SCH2p0                     I         18.872     -18.227     0.651  3    14.340    24.340
SCH2p0                     J         14.547     -17.981     0.763  3    10.530    18.530
SCH2p0                     H       -999.990    -999.990  -999.990  0     0.000     0.000
SCH2p0                     K       -999.990    -999.990  -999.990  0     0.000     0.000
SCH2p5                     bol       16.420  4.3625e+42     0.800  3    10.980    20.980
SCH2p5                     uvoir     16.736  3.6986e+42     0.927  3    12.580    22.580
SCH2p5                     U         16.550     -17.383     1.551  2    12.580    22.580
SCH2p5                     B         14.885     -17.865     1.605  3     9.530    19.530
SCH2p5                     V         18.196     -18.346     1.183  2    12.580    22.580
SCH2p5                     R         17.994     -18.451     0.899  2    12.580    22.580
SCH2p5                     I         18.676     -18.378     0.357  3    14.340    24.340
SCH2p5                     J         14.207     -18.125     0.907  3    10.530    18.530
SCH2p5                     H       -999.990    -999.990  -999.990  0     0.000     0.000
SCH2p5                     K         13.594     -17.893    -0.176  3     9.210    17.210
SCH3p0                     bol       16.500  5.7575e+42     0.801  3    10.980    20.980
SCH3p0                     uvoir     16.750  5.0297e+42     0.895  3    10.980    20.980
SCH3p0                     U         16.750     -18.147     1.683  3    10.980    20.980
SCH3p0                     B         15.233     -18.301     1.465  3     9.530    19.530
SCH3p0                     V         19.138     -18.617     1.082  2    14.340    24.340
SCH3p0                     R         18.325     -18.650     0.776  2    12.580    22.580
SCH3p0                     I         17.502     -18.477     0.195  3    12.580    22.580
SCH3p0                     J         13.679     -18.225     1.149  3     9.210    17.210
SCH3p0                     H         13.164     -17.976    -0.332  3     9.210    17.210
SCH3p0                     K         12.426     -17.917    -0.204  3     8.010    16.010
SCH3p5                     bol       16.361  7.3373e+42     0.815  3    10.980    20.980
SCH3p5                     uvoir     16.816  6.5340e+42     0.890  3    12.580    22.580
SCH3p5                     U         16.062     -18.697     1.565  3     9.530    19.530
SCH3p5                     B         16.537     -18.622     1.377  3    10.980    20.980
SCH3p5                     V         19.769     -18.839     0.961  2    14.340    24.340
SCH3p5                     R         18.454     -18.811     0.717  2    14.340    24.340
SCH3p5                     I         16.244     -18.558     0.266  3    10.980    20.980
SCH3p5                     J         13.019     -18.289     1.404  3     9.210    17.210
SCH3p5                     H         11.702     -17.977    -0.159  3     8.010    16.010
SCH3p5                     K         11.609     -17.936    -0.087  3     8.010    16.010
SCH4p0                     bol       16.515  9.0064e+42     0.839  3    10.980    20.980
SCH4p0                     uvoir     17.115  8.1016e+42     0.895  3    12.580    22.580
SCH4p0                     U         15.238     -19.072     1.309  3    10.980    20.980
SCH4p0                     B         17.301     -18.884     1.241  3    12.580    22.580
SCH4p0                     V         20.053     -19.029     0.850  2    14.340    24.340
SCH4p0                     R         18.721     -18.952     0.716  2    14.340    24.340
SCH4p0                     I         16.068     -18.626     0.446  3    10.980    20.980
SCH4p0                     J         12.138     -18.321     1.537  3     8.010    16.010
SCH4p0                     H         10.659     -17.982     0.048  3     6.920    14.920
SCH4p0                     K         10.899     -17.956     0.014  3     6.920    14.920
SCH4p5                     bol       16.559  1.0774e+43     0.862  3    10.980    20.980
SCH4p5                     uvoir     17.075  9.7166e+42     0.893  3    12.580    22.580
SCH4p5                     U         14.951     -19.357     1.153  3     9.530    19.530
SCH4p5                     B         17.502     -19.092     1.103  3    12.580    22.580
SCH4p5                     V         19.946     -19.194     0.804  2    14.340    24.340
SCH4p5                     R         18.925     -19.077     0.758  2    14.340    24.340
SCH4p5                     I         16.618     -18.687     0.644  3    10.980    20.980
SCH4p5                     J         11.218     -18.335     1.541  3     6.920    14.920
SCH4p5                     H          9.851     -17.986     0.162  3     5.930    13.930
SCH4p5                     K         10.302     -17.978     0.046  3     5.930    13.930
SCH5p0                     bol       16.376  1.2513e+43     0.869  3    10.980    20.980
SCH5p0                     uvoir     16.873  1.1286e+43     0.885  3    12.580    22.580
SCH5p0                     U         14.546     -19.575     1.018  3     9.530    19.530
SCH5p0                     B         17.349     -19.255     0.974  3    12.580    22.580
SCH5p0                     V         19.564     -19.340     0.809  2    14.340    24.340
SCH5p0                     R         18.961     -19.191     0.809  2    14.340    24.340
SCH5p0                     I         17.058     -18.749     0.845  3    12.580    22.580
SCH5p0                     J         10.274     -18.333     1.421  3     5.930    13.930
SCH5p0                     H          9.135     -17.987     0.207  3     5.030    13.030
SCH5p0                     K          9.766     -17.998     0.038  3     5.930    13.930
SCH5p5                     bol       16.258  1.4182e+43     0.873  3    10.980    20.980
SCH5p5                     uvoir     16.662  1.2810e+43     0.878  3    10.980    20.980
SCH5p5                     U         14.338     -19.749     0.922  3     9.530    19.530
SCH5p5                     B         17.034     -19.393     0.884  3    12.580    22.580
SCH5p5                     V         19.058     -19.467     0.834  2    14.340    24.340
SCH5p5                     R         18.890     -19.285     0.832  2    14.340    24.340
SCH5p5                     I         17.325     -18.806     1.051  3    12.580    22.580
SCH5p5                     J          9.412     -18.322     1.210  3     5.030    13.030
SCH5p5                     H          8.508     -17.984     0.201  3     4.210    12.210
SCH5p5                     K          9.281     -18.013     0.008  3     5.030    13.030
SCH6p0                     bol       16.046  1.5702e+43     0.862  3    10.980    20.980
SCH6p0                     uvoir     16.427  1.4188e+43     0.866  3    10.980    20.980
SCH6p0                     U         14.140     -19.884     0.871  3     9.530    19.530
SCH6p0                     B         16.677     -19.498     0.835  3    10.980    20.980
SCH6p0                     V         18.503     -19.573     0.860  2    12.580    22.580
SCH6p0                     R         18.907     -19.363     0.846  2    14.340    24.340
SCH6p0                     I         17.325     -18.857     1.081  3    12.580    22.580
SCH6p0                     J          8.685     -18.299     0.971  3     5.030    13.030
SCH6p0                     H          8.080     -17.972     0.168  3     4.210    12.210
SCH6p0                     K          9.011     -18.024    -0.043  3     5.030    13.030
SCH6p5                     bol       15.796  1.7125e+43     0.858  3    10.980    20.980
SCH6p5                     uvoir     16.112  1.5433e+43     0.858  3    10.980    20.980
SCH6p5                     U         14.046     -19.995     0.843  3     9.530    19.530
SCH6p5                     B         16.222     -19.578     0.810  3    10.980    20.980
SCH6p5                     V         18.035     -19.654     0.877  2    12.580    22.580
SCH6p5                     R         18.836     -19.428     0.851  2    14.340    24.340
SCH6p5                     I         17.349     -18.908     1.116  3    12.580    22.580
SCH6p5                     J          8.103     -18.269     0.799  3     4.210    12.210
SCH6p5                     H          7.613     -17.957     0.124  3     3.460    11.460
SCH6p5                     K          8.900     -18.033    -0.087  3     5.030    13.030
SCH7p0                     bol       15.554  1.8457e+43     0.846  3    10.980    20.980
SCH7p0                     uvoir     15.855  1.6549e+43     0.844  3    10.980    20.980
SCH7p0                     U         13.772     -20.094     0.806  3     8.210    18.210
SCH7p0                     B         15.825     -19.642     0.788  3    10.980    20.980
SCH7p0                     V         17.672     -19.723     0.880  2    12.580    22.580
SCH7p0                     R         18.801     -19.491     0.856  2    14.340    24.340
SCH7p0                     I         17.397     -18.959     1.127  3    12.580    22.580
SCH7p0                     J          7.576     -18.232     0.645  3     3.460    11.460
SCH7p0                     H          7.442     -17.943     0.074  3     3.460    11.460
SCH7p0                     K          8.969     -18.042    -0.126  3     5.030    13.030
PDDEL1n                    bol       16.368  1.6229e+43     0.761  3    10.980    20.980
PDDEL1n                    uvoir     17.139  1.4450e+43     0.781  3    12.580    22.580
PDDEL1n                    U         14.254     -19.872     0.962  3     9.530    19.530
PDDEL1n                    B         17.986     -19.488     0.951  2    12.580    22.580
PDDEL1n                    V         20.659     -19.591     0.706  2    16.270    26.270
PDDEL1n                    R         19.893     -19.504     0.718  2    14.340    24.340
PDDEL1n                    I         16.889     -19.134     0.637  3    12.580    22.580
PDDEL1n                    J         12.223     -18.647     1.367  3     8.010    16.010
PDDEL1n                    H         10.239     -18.220    -0.009  3     5.930    13.930
PDDEL1n                    K       -999.990    -999.990  -999.990  0     0.000     0.000
PDDEL3n                    bol       16.618  1.4822e+43     0.760  3    10.980    20.980
PDDEL3n                    uvoir     17.373  1.3207e+43     0.789  3    12.580    22.580
PDDEL3n                    U         14.555     -19.726     1.048  3     9.530    19.530
PDDEL3n                    B         18.083     -19.392     1.040  2    12.580    22.580
PDDEL3n                    V         20.962     -19.510     0.710  2    16.270    26.270
PDDEL3n                    R         19.813     -19.447     0.677  2    14.340    24.340
PDDEL3n                    I         16.603     -19.113     0.516  3    10.980    20.980
PDDEL3n                    J         12.788     -18.674     1.432  3     9.210    17.210
PDDEL3n                    H         10.930     -18.246    -0.056  3     6.920    14.920
PDDEL3n                    K         12.169     -18.293    -0.118  3     8.010    16.010
PDDEL4n                    bol       16.921  1.1553e+43     0.695  3    12.580    22.580
PDDEL4n                    uvoir     17.478  1.0214e+43     0.748  3    12.580    22.580
PDDEL4n                    U         14.498     -19.303     1.213  3     9.530    19.530
PDDEL4n                    B         17.591     -19.089     1.216  2    12.580    22.580
PDDEL4n                    V         21.198     -19.287     0.782  2    16.270    26.270
PDDEL4n                    R         19.671     -19.293     0.588  2    14.340    24.340
PDDEL4n                    I         17.075     -19.056     0.224  3    12.580    22.580
PDDEL4n                    J         14.160     -18.708     1.279  3    10.530    18.530
PDDEL4n                    H         13.176     -18.321    -0.316  3     9.210    17.210
PDDEL4n                    K         14.333     -18.329    -0.268  3    10.530    18.530
PDDEL7n                    bol       16.625  1.3198e+43     0.720  3    10.980    20.980
PDDEL7n                    uvoir     17.292  1.1696e+43     0.756  3    12.580    22.580
PDDEL7n                    U         14.376     -19.528     1.115  3     9.530    19.530
PDDEL7n                    B         17.768     -19.247     1.118  2    12.580    22.580
PDDEL7n                    V         21.084     -19.396     0.721  2    16.270    26.270
PDDEL7n                    R         19.538     -19.377     0.612  2    14.340    24.340
PDDEL7n                    I         16.699     -19.107     0.364  3    10.980    20.980
PDDEL7n                    J         13.727     -18.719     1.410  3     9.210    17.210
PDDEL7n                    H         12.293     -18.294    -0.185  3     8.010    16.010
PDDEL7n                    K         14.147     -18.329    -0.193  3    10.530    18.530
PDDEL9n                    bol       17.454  8.8076e+42     0.634  3    12.580    22.580
PDDEL9n                    uvoir     17.881  7.6813e+42     0.715  3    12.580    22.580
PDDEL9n                    U         15.582     -18.776     1.420  3     9.530    19.530
PDDEL9n                    B         16.937     -18.705     1.279  2    12.580    22.580
PDDEL9n                    V         21.141     -19.061     0.885  2    16.270    26.270
PDDEL9n                    R         20.230     -19.122     0.609  2    14.340    24.340
PDDEL9n                    I         18.774     -18.953     0.075  3    14.340    24.340
PDDEL9n                    J         14.933     -18.645     1.020  3    10.530    18.530
PDDEL9n                    H       -999.990    -999.990  -999.990  0     0.000     0.000
PDDEL9n                    K       -999.990    -999.990  -999.990  0     0.000     0.000
PDDEL11n                   bol       18.801  6.4202e+42     0.605  3    14.340    24.340
PDDEL11n                   uvoir     19.067  5.4297e+42     0.697  3    14.340    24.340
PDDEL11n                   U         17.171     -17.968     1.389  3    12.580    22.580
PDDEL11n                   B         16.889     -18.122     1.214  2    12.580    22.580
PDDEL11n                   V         20.994     -18.780     0.941  2    16.270    26.270
PDDEL11n                   R         20.831     -18.919     0.690  2    16.270    26.270
PDDEL11n                   I         23.533     -18.880     0.303  3    18.400    28.400
PDDEL11n                   J         15.869     -18.544     0.881  3    11.980    19.980
PDDEL11n                   H       -999.990    -999.990  -999.990  0     0.000     0.000
PDDEL11n                   K       -999.990    -999.990  -999.990  0     0.000     0.000
PDDEL12n                   bol       19.493  5.4317e+42     0.597  3    14.340    24.340
PDDEL12n                   uvoir     19.733  4.4918e+42     0.689  3    14.340    24.340
PDDEL12n                   U         18.341     -17.415     1.240  2    10.580    24.580
PDDEL12n                   B         17.292     -17.761     1.143  3    12.580    22.580
PDDEL12n                   V         20.937     -18.605     0.940  2    16.270    26.270
PDDEL12n                   R         21.002     -18.796     0.730  2    16.270    26.270
PDDEL12n                   I         23.345     -18.826     0.383  3    18.400    28.400
PDDEL12n                   J         16.647     -18.481     0.847  3    11.980    19.980
PDDEL12n                   H       -999.990    -999.990  -999.990  0     0.000     0.000
PDDEL12n                   K       -999.990    -999.990  -999.990  0     0.000     0.000
