 #NAME SN2003hv 
 #AV_HOST  0.00 +/- 0.013 
 #RV_HOST  3.10 +/- 0.2 
 #AV_MW    0.048 +/- 0.000 
 #RV_MW    3.190 +/-  0.000 
 #DIST_MOD 31.37 +/- 0.1 
 #NFILT 9 (H_2MASS,I_Bessell,J_2MASS) 
 # 
#FILTER U_Bessell - 25 MEASUREMENTS (MJD MAG MAGERR)
1.2 11.940 0.15
2.2 12.125 0.10
3.2 12.176 0.05
4.2 12.131 0.06
5.2 12.371 0.05
6.2 12.422 0.05
10.2 13.113 0.08
11.1 13.358 0.01
14.1 13.788 0.03
14.1 13.838 0.04
15.2 14.034 0.03
16.1 14.162 0.08
17.1 14.249 0.03
23.2 15.020 0.10
38.2 15.511 0.04
51.5 15.792 0.03
60.1 16.110 0.03
80.5 16.812 0.02
97.1 17.116 0.04
103.9 17.349 0.03
108.9 17.549 0.03
110.4 17.588 0.01
142.3 18.440 0.05
202.2 19.843 0.33
338.1 21.648 0.03
#FILTER B_Bessell - 74 MEASUREMENTS (MJD MAG MAGERR)
1.2 12.452 0.01
1.3 12.523 0.01
2.2 12.505 0.02
2.2 12.619 0.01
3.2 12.534 0.01
4.2 12.631 0.01
5.2 12.702 0.01
5.3 12.750 0.01
6.2 12.805 0.01
6.3 12.887 0.01
7.3 12.985 0.01
8.3 13.094 0.01
10.2 13.319 0.02
10.2 13.406 0.01
11.1 13.410 0.01
11.3 13.520 0.01
12.3 13.664 0.01
13.3 13.789 0.01
14.1 13.825 0.01
14.1 13.851 0.01
15.2 14.007 0.01
15.3 14.106 0.01
16.1 14.157 0.01
17.1 14.298 0.01
19.3 14.621 0.01
21.3 14.808 0.01
23.2 14.992 0.02
23.3 15.022 0.01
25.3 15.158 0.01
28.2 15.340 0.01
30.2 15.448 0.01
34.2 15.640 0.02
37.2 15.646 0.01
38.2 15.624 0.01
39.2 15.716 0.01
41.2 15.735 0.01
43.2 15.806 0.01
45.2 15.843 0.01
48.2 15.929 0.01
51.2 15.965 0.01
51.5 15.952 0.01
54.2 16.053 0.01
57.1 16.142 0.05
60.1 16.086 0.01
63.2 16.168 0.02
68.1 16.246 0.01
70.1 16.260 0.01
71.1 16.323 0.01
73.0 16.277 0.04
73.1 16.298 0.01
74.1 16.347 0.01
74.1 16.338 0.01
79.1 16.465 0.01
80.5 16.372 0.01
85.1 16.576 0.03
97.1 16.694 0.01
99.1 16.836 0.02
104.0 16.869 0.01
104.9 16.890 0.01
108.9 16.918 0.01
110.0 17.010 0.02
110.4 16.859 0.01
119.0 17.120 0.05
122.0 17.254 0.12
126.0 17.241 0.01
129.0 17.299 0.02
131.9 17.349 0.02
135.0 17.456 0.02
142.3 17.518 0.04
202.2 18.634 0.05
307.6 20.058 0.01
311.6 20.079 0.01
338.1 20.508 0.02
699.1 25.198 0.13
#FILTER V_Bessell - 75 MEASUREMENTS (MJD MAG MAGERR)
1.2 12.483 0.01
1.3 12.565 0.01
2.2 12.510 0.01
2.2 12.616 0.01
3.2 12.546 0.01
4.2 12.573 0.01
5.2 12.594 0.01
5.3 12.676 0.01
6.2 12.681 0.01
6.3 12.748 0.01
7.3 12.804 0.01
8.3 12.858 0.01
10.2 13.004 0.01
10.2 13.044 0.01
11.1 13.010 0.01
11.3 13.055 0.01
12.3 13.134 0.01
13.3 13.247 0.01
14.1 13.245 0.01
14.1 13.215 0.01
15.2 13.328 0.01
15.3 13.333 0.01
16.1 13.352 0.02
17.1 13.320 0.02
19.3 13.610 0.01
21.3 13.798 0.01
23.2 13.925 0.01
23.3 13.988 0.01
25.3 14.141 0.01
28.2 14.393 0.01
30.2 14.480 0.01
34.2 14.658 0.02
37.2 14.746 0.01
38.2 14.781 0.01
39.2 14.806 0.01
41.2 14.871 0.01
43.2 14.916 0.01
45.2 15.018 0.01
48.2 15.094 0.01
51.2 15.199 0.01
51.5 15.234 0.01
54.2 15.269 0.01
57.1 15.385 0.01
60.1 15.408 0.01
63.2 15.552 0.01
68.1 15.665 0.01
70.1 15.667 0.01
71.1 15.776 0.01
73.0 15.793 0.01
73.1 15.815 0.01
74.1 15.819 0.01
74.1 15.855 0.01
79.1 15.982 0.01
80.5 15.935 0.01
85.1 16.186 0.03
97.1 16.424 0.01
99.1 16.615 0.03
103.9 16.569 0.01
104.0 16.686 0.04
108.9 16.718 0.01
110.0 16.817 0.03
110.4 16.786 0.01
119.0 17.107 0.04
122.0 17.208 0.09
126.0 17.233 0.02
129.0 17.242 0.02
131.9 17.347 0.02
135.0 17.379 0.03
142.3 17.373 0.02
202.2 18.383 0.05
305.4 19.896 0.02
338.1 20.543 0.03
433.5 21.712 0.02
516.9 23.326 0.10
701.2 24.423 0.13
#FILTER R_Bessell - 75 MEASUREMENTS (MJD MAG MAGERR)
1.2 12.459 0.01
1.3 12.489 0.01
2.2 12.477 0.01
2.2 12.509 0.01
3.2 12.514 0.01
4.2 12.586 0.01
5.2 12.626 0.01
5.3 12.693 0.01
6.2 12.742 0.01
6.3 12.814 0.01
7.3 12.911 0.01
8.3 13.010 0.01
10.2 13.120 0.01
11.1 13.083 0.01
11.3 13.175 0.01
12.3 13.193 0.01
13.3 13.233 0.01
14.1 13.178 0.01
14.1 13.118 0.01
15.2 13.163 0.01
15.3 13.225 0.01
16.1 13.180 0.01
17.1 13.163 0.01
19.3 13.360 0.01
21.3 13.478 0.01
23.2 13.561 0.02
23.3 13.644 0.01
25.3 13.844 0.01
28.2 14.071 0.01
30.2 14.189 0.01
34.2 14.392 0.02
37.2 14.518 0.01
38.2 14.523 0.01
39.2 14.593 0.01
41.2 14.671 0.01
43.2 14.752 0.01
45.2 14.840 0.01
48.2 14.926 0.01
51.2 15.049 0.01
51.5 15.099 0.01
54.2 15.144 0.01
57.1 15.241 0.01
60.1 15.310 0.01
63.2 15.593 0.02
68.1 15.651 0.01
70.1 15.644 0.01
71.1 15.744 0.01
73.0 15.582 0.02
73.1 15.764 0.01
74.1 15.797 0.01
74.1 15.846 0.01
79.1 16.047 0.01
80.5 15.921 0.01
85.1 16.244 0.03
97.1 16.512 0.01
99.1 16.706 0.04
103.9 16.736 0.01
104.0 16.771 0.05
108.9 16.889 0.02
110.0 17.085 0.02
110.4 16.936 0.01
119.0 17.336 0.04
122.0 17.329 0.10
126.0 17.476 0.03
129.0 17.567 0.02
131.9 17.625 0.04
135.0 17.638 0.03
142.3 17.581 0.03
202.2 18.691 0.10
307.6 21.210 0.02
311.6 21.219 0.02
338.1 21.224 0.04
339.2 21.263 0.03
516.9 23.111 0.10
700.2 25.192 0.38
#FILTER I_Bessell - 72 MEASUREMENTS (MJD MAG MAGERR)
1.2 12.759 0.01
1.3 12.827 0.02
2.2 12.779 0.01
2.2 12.870 0.01
3.2 12.844 0.01
4.2 12.949 0.01
5.2 12.971 0.01
5.3 13.040 0.02
6.2 13.079 0.01
6.3 13.180 0.02
7.3 13.263 0.02
8.3 13.288 0.02
10.2 13.330 0.01
11.1 13.201 0.01
11.3 13.327 0.01
12.3 13.317 0.01
13.3 13.277 0.01
14.1 13.207 0.01
14.1 13.128 0.01
15.2 13.180 0.01
15.3 13.218 0.01
16.1 13.043 0.02
17.1 13.040 0.02
19.3 13.137 0.02
21.3 13.189 0.01
23.2 13.212 0.01
23.3 13.308 0.02
25.3 13.512 0.02
28.2 13.734 0.02
30.2 13.913 0.02
34.2 14.143 0.03
37.2 14.315 0.03
38.2 14.325 0.01
39.2 14.428 0.02
41.2 14.566 0.02
43.2 14.629 0.01
45.2 14.735 0.02
48.2 14.879 0.02
51.2 15.043 0.03
51.5 14.877 0.01
54.2 15.204 0.02
57.1 15.323 0.03
60.1 15.379 0.01
68.1 15.864 0.03
70.1 15.855 0.01
71.1 15.928 0.03
73.0 16.015 0.01
73.1 15.991 0.01
74.1 16.036 0.01
79.1 16.285 0.04
80.5 15.981 0.02
85.1 16.519 0.06
97.1 16.654 0.01
99.1 16.854 0.08
103.9 16.840 0.01
104.0 17.052 0.09
108.9 17.012 0.01
110.0 17.414 0.08
110.4 17.119 0.01
119.0 17.316 0.10
126.0 17.576 0.08
129.0 17.694 0.11
131.9 17.706 0.07
135.0 17.769 0.09
142.3 17.686 0.10
202.2 18.276 0.14
305.4 20.052 0.01
338.1 20.587 0.03
339.2 20.592 0.03
433.5 21.417 0.03
516.9 22.554 0.12
699.1 24.366 0.28
#FILTER Y_CSP - 15 MEASUREMENTS (MJD MAG MAGERR)
1.2 13.252 0.015
5.1 13.591 0.015
8.1 13.716 0.015
15.1 13.403 0.015
19.1 13.031 0.015
23.0 12.845 0.016
26.1 13.025 0.015
29.0 13.255 0.015
32.0 13.439 0.015
35.1 13.650 0.015
38.0 13.844 0.015
41.0 14.037 0.015
45.0 14.468 0.015
55.0 14.912 0.015
62.0 15.207 0.017
#FILTER J_MKO - 19 MEASUREMENTS (MJD MAG MAGERR)
1.2 13.081 0.015
5.1 13.792 0.015
8.1 14.435 0.015
15.1 14.491 0.015
19.1 14.179 0.015
23.0 14.000 0.018
26.1 14.306 0.015
29.0 14.657 0.015
32.0 14.980 0.015
35.1 15.236 0.016
38.0 15.519 0.015
41.0 15.725 0.017
45.0 16.310 0.023
55.0 16.790 0.036
62.0 17.088 0.065
344.2 20.394 0.140
356.1 20.078 0.122
538.8 21.087 0.144
786.1 22.691 0.051
#FILTER H_MKO - 17 MEASUREMENTS (MJD MAG MAGERR)
1.2 13.286 0.015
5.1 13.423 0.015
8.1 13.502 0.015
15.1 13.202 0.015
19.1 13.112 0.015
23.0 13.283 0.020
26.1 13.546 0.015
29.0 13.799 0.015
32.0 13.958 0.015
35.1 14.145 0.016
38.0 14.273 0.015
41.0 14.431 0.016
45.0 14.770 0.018
55.0 15.041 0.020
62.0 15.420 0.037
355.1 19.977 0.106
502.9 20.163 0.138      
537.8 20.495 0.146 
#FILTER K_MKO - 14 MEASUREMENTS (MJD MAG MAGERR)
1.2 13.100 0.018
5.1 13.378 0.021
8.1 13.529 0.026
15.1 13.211 0.018
19.1 13.189 0.022
23.0 13.216 0.073
26.1 13.524 0.020
29.0 13.796 0.026
32.0 13.936 0.022
38.0 14.116 0.026
41.0 14.306 0.024
55.0 15.060 0.048
355.1 20.221 0.216
356.1 20.303 0.224
