-1.628999999999999915e+01 1.013911385736679962e+43 1.110000000000000014e-01
-1.517999999999999972e+01 1.218989598924862358e+43 1.110000000000000014e-01
-1.162989999999999924e+01 1.717908387157585821e+43 1.110000000000000014e-01
-9.609989999999999810e+00 2.306747188720066660e+43 1.110000000000000014e-01
-8.439989999999999881e+00 2.177709772353163563e+43 1.100000000000000006e-01
-7.599999999999999645e+00 2.376840286624864002e+43 1.089999999999999997e-01
-7.410000000000000142e+00 2.376840286624864002e+43 1.100000000000000006e-01
-4.660000000000000142e+00 2.792543841237324778e+43 1.089999999999999997e-01
-4.570000000000000284e+00 2.779713267759305491e+43 1.089999999999999997e-01
-3.609989999999999810e+00 2.805433637951716259e+43 1.089999999999999997e-01
-2.529999999999999805e+00 2.904022654464456876e+43 1.089999999999999997e-01
-6.099900000000000322e-01 2.944421633798769370e+43 1.079999999999999988e-01
2.429999000000000020e+00 2.951209226666377815e+43 1.079999999999999988e-01
2.439998999999999807e+00 2.864177969906585646e+43 1.079999999999999988e-01
2.520000000000000018e+00 2.930893245250312587e+43 1.079999999999999988e-01
3.529999000000000109e+00 2.844461107447919795e+43 1.079999999999999988e-01
4.479999000000000287e+00 2.773320104651827056e+43 1.069999999999999979e-01
6.580000000000000071e+00 2.511886431509571911e+43 1.059999999999999970e-01
7.309999999999999609e+00 2.494594726942945811e+43 1.049999999999999961e-01
7.389999999999999680e+00 2.477422057633276134e+43 1.039999999999999952e-01
8.399998999999999327e+00 2.409905428686583176e+43 1.039999999999999952e-01
9.319998999999999256e+00 2.301441817408518182e+43 1.029999999999999943e-01
9.379998999999999754e+00 2.249054605835764037e+43 1.029999999999999943e-01
1.152998999999999974e+01 2.089296130854040817e+43 1.010000000000000064e-01
1.254998999999999931e+01 2.027682719521292176e+43 1.000000000000000056e-01
1.258999000000000024e+01 1.967886289706831044e+43 1.000000000000000056e-01
1.641998999999999853e+01 1.710015315090275670e+43 9.700000000000000289e-02
1.730999999999999872e+01 1.655769963469532567e+43 9.600000000000000200e-02
1.760000000000000142e+01 1.640589773199552202e+43 9.500000000000000111e-02
1.932999999999999829e+01 1.510080154164155418e+43 9.299999999999999933e-02
2.146000000000000085e+01 1.393156802945297912e+43 8.999999999999999667e-02
2.260998999999999981e+01 1.324341535194664200e+43 8.899999999999999578e-02
2.326999999999999957e+01 1.291219273613525448e+43 8.799999999999999489e-02
2.326999999999999957e+01 1.291219273613525448e+43 8.899999999999999578e-02
2.528999999999999915e+01 1.193988104464268099e+43 8.699999999999999400e-02
2.637000000000000099e+01 1.137627285823424095e+43 8.599999999999999312e-02
2.941998999999999853e+01 1.037528415818008344e+43 8.400000000000000522e-02
3.027999000000000152e+01 1.011579454259904426e+43 8.500000000000000611e-02
3.148998999999999882e+01 9.527961640236501471e+42 8.400000000000000522e-02
3.433999000000000024e+01 8.570378452303692877e+42 8.300000000000000433e-02
3.552000000000000313e+01 8.472274141405911708e+42 8.300000000000000433e-02
3.631000000000000227e+01 7.925013304804734489e+42 8.200000000000000344e-02
4.043999000000000166e+01 6.807693586937389684e+42 8.200000000000000344e-02
4.142998999999999654e+01 6.546361740672787882e+42 8.200000000000000344e-02
4.443999000000000166e+01 6.053408747539087122e+42 8.200000000000000344e-02
4.832999999999999829e+01 5.370317963702488451e+42 8.300000000000000433e-02
4.850000000000000000e+01 5.211947111050789299e+42 8.300000000000000433e-02
5.935999000000000336e+01 4.064433291652143940e+42 8.400000000000000522e-02
6.037998999999999938e+01 3.854783576657704876e+42 8.500000000000000611e-02
6.246000000000000085e+01 3.801893963205597103e+42 8.500000000000000611e-02
6.632999999999999829e+01 3.467368504525309500e+42 8.599999999999999312e-02
6.942999000000000365e+01 3.280952931131177089e+42 8.599999999999999312e-02
7.431999000000000422e+01 2.890679882365465783e+42 8.699999999999999400e-02
7.532999999999999829e+01 2.716439268839066943e+42 8.799999999999999489e-02
7.832999999999999829e+01 2.618183008218980784e+42 8.799999999999999489e-02
8.146998999999999569e+01 2.426610095082404476e+42 8.799999999999999489e-02
8.531999000000000422e+01 2.254239212152437366e+42 8.899999999999999578e-02
8.631999000000000422e+01 2.213094709605631930e+42 8.899999999999999578e-02
8.731999000000000422e+01 2.157744409152682271e+42 8.899999999999999578e-02
9.031000000000000227e+01 1.986094917357379863e+42 8.999999999999999667e-02
9.031999000000000422e+01 2.037042077705706570e+42 8.899999999999999578e-02
9.635998999999999626e+01 1.828100216142744511e+42 9.099999999999999756e-02
1.004200000000000017e+02 1.648162391525503512e+42 9.099999999999999756e-02
1.053599999999999994e+02 1.496235656094423666e+42 9.099999999999999756e-02
1.092699999999999960e+02 1.402813704561953112e+42 9.299999999999999933e-02
1.092999999999999972e+02 1.402813704561953112e+42 9.199999999999999845e-02
1.142800000000000011e+02 1.264736347471141868e+42 9.299999999999999933e-02
1.162399999999999949e+02 1.210598133550477870e+42 9.299999999999999933e-02
1.162900000000000063e+02 1.216186000646370425e+42 9.199999999999999845e-02
1.192999999999999972e+02 1.142878334789771301e+42 9.199999999999999845e-02
1.252600000000000051e+02 1.042317429393305693e+42 9.299999999999999933e-02
1.262800000000000011e+02 1.016248692870690693e+42 9.299999999999999933e-02
1.303400000000000034e+02 9.332543007969886025e+41 9.299999999999999933e-02
1.322899999999999920e+02 8.994975815300365574e+41 9.299999999999999933e-02
1.372899999999999920e+02 8.433347577642791606e+41 9.400000000000000022e-02
1.452899999999999920e+02 7.447319739059888121e+41 9.400000000000000022e-02
1.512500000000000000e+02 6.531305526474689388e+41 9.400000000000000022e-02
1.662500000000000000e+02 5.164163692720720974e+41 9.500000000000000111e-02
1.692400000000000091e+02 4.965923214503337405e+41 9.800000000000000377e-02
2.626499999999999773e+02 7.709034690644308367e+40 9.500000000000000111e-02
3.007500000000000000e+02 3.250872973854347154e+40 9.500000000000000111e-02
3.137300000000000182e+02 2.870780582024680348e+40 9.299999999999999933e-02
3.168000000000000114e+02 2.355049283896009123e+40 9.099999999999999756e-02
