2171.84	13.661	0.036	
2174.80	13.161	0.037	
2177.82	13.085	0.037	
2183.83	13.193	0.036	
2186.79	13.253	0.036	
2189.82	13.239	0.036	
2192.82	13.276	0.042	
2195.74	13.245	0.051	
2198.79	13.140	0.099	
2201.81	13.045	0.036	
2202.75	12.978	0.040	
2203.74	12.982	0.019	
2204.70	12.966	0.026	
2204.77	13.084	0.071	
2207.84	13.061	0.038	
2210.81	13.108	0.042	
2213.67	13.132	0.041	
2216.72	13.259	0.039	
2222.74	13.769	0.043	
2225.71	13.812	0.048	
2228.72	13.991	0.044	
2231.70	14.090	0.045	
2234.72	14.213	0.044	
2237.73	14.349	0.053	
2238.79	14.355	0.054	
2240.70	14.514	0.039	
2240.72	14.488	0.055	
2241.69	14.492	0.016	
2242.69	14.562	0.022	
2243.68	14.548	0.080	
2243.74	14.576	0.055	
2244.71	14.833	0.044	
2246.77	14.824	0.067	
