5.253569999999999709e+04	1.519999999999999929e+01	1.099999999999999936e-02	
5.253669999999999709e+04	1.485899999999999999e+01	1.099999999999999936e-02	
5.253780000000000291e+04	1.460500000000000043e+01	1.099999999999999936e-02	
5.253869999999999709e+04	1.440499999999999936e+01	1.099999999999999936e-02	
5.253969999999999709e+04	1.423399999999999999e+01	1.499999999999999944e-02	
5.254069999999999709e+04	1.413299999999999912e+01	1.099999999999999936e-02	
5.254169999999999709e+04	1.404400000000000048e+01	1.600000000000000033e-02	
5.254169999999999709e+04	1.403599999999999959e+01	1.099999999999999936e-02	
5.254269999999999709e+04	1.397499999999999964e+01	1.099999999999999936e-02	
5.254469999999999709e+04	1.398099999999999987e+01	1.099999999999999936e-02	
5.254659999999999854e+04	1.411299999999999955e+01	1.099999999999999936e-02	
5.256069999999999709e+04	1.458999999999999986e+01	1.099999999999999936e-02	
5.256269999999999709e+04	1.454899999999999949e+01	1.099999999999999936e-02	
5.256780000000000291e+04	1.433200000000000074e+01	1.099999999999999936e-02	
5.257059999999999854e+04	9.900000000000000000e+01	9.900000000000000000e+01	
5.257180000000000291e+04	1.417500000000000071e+01	1.099999999999999936e-02	
5.259080000000000291e+04	1.490499999999999936e+01	1.099999999999999936e-02	
5.259380000000000291e+04	1.502999999999999936e+01	1.099999999999999936e-02	
5.259750000000000000e+04	1.524799999999999933e+01	1.099999999999999936e-02	
5.260059999999999854e+04	1.536700000000000088e+01	1.400000000000000029e-02	
5.261750000000000000e+04	1.611199999999999832e+01	1.499999999999999944e-02	
5.261969999999999709e+04	1.618499999999999872e+01	1.099999999999999936e-02	
5.263159999999999854e+04	1.679700000000000060e+01	1.700000000000000122e-02	
5.265059999999999854e+04	1.759700000000000131e+01	2.699999999999999969e-02	
