55800.121	12.822	0.009	
55802.168	11.898	0.008	
55803.121	11.587	0.008	
55804.195	11.317	0.01	
55805.199	11.124	0.008	
55807.148	10.849	0.008	
55808.102	10.768	0.008	
55813.113	10.804	0.008	
55819.133	11.028	0.008	
55820.090	11.036	0.008	
55821.090	11.035	0.009	
55822.090	11.059	0.008	
55824.090	11.096	0.008	
55825.094	11.100	0.008	
55827.121	11.084	0.008	
55828.086	11.045	0.009	
55830.109	10.966	0.008	
55833.090	10.827	0.008	
55834.098	10.779	0.015	
55835.090	10.771	0.008	
55837.086	10.726	0.008	
55838.078	10.715	0.008	
55840.070	10.704	0.008	
55842.074	10.734	0.008	
55844.074	10.797	0.008	
55845.105	10.845	0.009	
55846.094	10.891	0.009	
55848.074	11.030	0.008	
55849.070	11.101	0.008	
55850.066	11.178	0.01	
55851.066	11.245	0.008	
55852.070	11.304	0.008	
55853.062	11.356	0.01	
55854.070	11.415	0.01	
55860.070	11.708	0.008	
