-4.242320299999846611e+00 1.479400000000000048e+01 1.299999999999999940e-02
-3.245070299999497365e+00 1.480599999999999916e+01 1.200000000000000025e-02
9.743959700004779734e+00 1.644999999999999929e+01 8.000000000000000167e-03
1.273358970000117552e+01 1.656500000000000128e+01 1.000000000000000021e-02
1.474902970000403002e+01 1.656899999999999906e+01 5.700000000000000205e-02
1.772690970000257948e+01 1.629200000000000159e+01 3.699999999999999817e-02
2.177147970000078203e+01 1.610200000000000031e+01 4.299999999999999656e-02
2.674126970000361325e+01 1.619200000000000017e+01 4.200000000000000261e-02
2.976175969999894733e+01 1.643100000000000094e+01 2.500000000000000139e-02
3.073153970000566915e+01 1.654100000000000037e+01 2.500000000000000139e-02
3.472940970000490779e+01 1.688400000000000034e+01 4.399999999999999745e-02
