-1.001996179999696324e+01 1.330599999999999916e+01 8.999999999999999320e-03
-9.015551799995591864e+00 1.314300000000000068e+01 8.000000000000000167e-03
-7.003021799995622132e+00 1.292500000000000071e+01 1.200000000000000025e-02
-4.012961799999175128e+00 1.284999999999999964e+01 1.000000000000000021e-02
-2.025391799994395114e+00 1.289799999999999969e+01 1.200000000000000025e-02
-2.317179999954532832e-02 1.300399999999999956e+01 2.400000000000000050e-02
9.832882000046083704e-01 1.309600000000000009e+01 6.000000000000000125e-03
1.965708200004883111e+00 1.319200000000000017e+01 1.899999999999999953e-02
2.958778200001688674e+00 1.323099999999999987e+01 1.000000000000000021e-02
9.972168200001760852e+00 1.435899999999999999e+01 1.400000000000000029e-02
1.096114820000366308e+01 1.450300000000000011e+01 1.700000000000000122e-02
1.397546820000570733e+01 1.455100000000000016e+01 1.400000000000000029e-02
1.694459820000338368e+01 1.444100000000000072e+01 1.400000000000000029e-02
2.090451820000453154e+01 1.425600000000000023e+01 1.299999999999999940e-02
2.195000820000132080e+01 1.420700000000000074e+01 1.299999999999999940e-02
2.391495820000272943e+01 1.404400000000000048e+01 1.400000000000000029e-02
2.690056820000609150e+01 1.379400000000000048e+01 1.299999999999999940e-02
3.097293820000049891e+01 1.386800000000000033e+01 1.099999999999999936e-02
3.388534820000495529e+01 1.412500000000000000e+01 1.000000000000000021e-02
3.991778820000035921e+01 1.467800000000000082e+01 1.400000000000000029e-02
4.288119820000429172e+01 1.488299999999999912e+01 1.299999999999999940e-02
4.388608820000081323e+01 1.499499999999999922e+01 2.100000000000000130e-02
4.689800820000527892e+01 1.518999999999999950e+01 5.199999999999999761e-02
4.880498820000502747e+01 1.535599999999999987e+01 6.000000000000000125e-03
5.282365820000268286e+01 1.557499999999999929e+01 2.999999999999999889e-02
5.685484820000419859e+01 1.592200000000000060e+01 1.000000000000000021e-02
5.879902820000279462e+01 1.605399999999999849e+01 8.000000000000000167e-03
5.982782820000284119e+01 1.609900000000000020e+01 8.000000000000000167e-03
6.185935820000304375e+01 1.612199999999999989e+01 5.299999999999999850e-02
6.481148820000089472e+01 1.630099999999999838e+01 5.099999999999999672e-02
7.275714820000575855e+01 1.669999999999999929e+01 7.499999999999999722e-02
7.378863820000697160e+01 1.688500000000000156e+01 5.099999999999999672e-02
8.176005820000136737e+01 1.728300000000000125e+01 5.099999999999999672e-02
