-9.799163600000611041e+00 1.765099999999999980e+01 5.600000000000000117e-02
-7.846633599998313002e+00 1.742800000000000082e+01 2.800000000000000058e-02
-8.267035999961080961e-01 1.774299999999999855e+01 7.299999999999999545e-02
1.125416399998357520e+00 1.748799999999999955e+01 8.400000000000000522e-02
5.116816400004609022e+00 1.772599999999999909e+01 3.699999999999999817e-02
1.212315640000451822e+01 1.877799999999999869e+01 9.900000000000000466e-02
1.511696640000445768e+01 1.869800000000000040e+01 9.700000000000000289e-02
2.110739640000247164e+01 1.883200000000000074e+01 1.140000000000000041e-01
3.297374639999907231e+01 1.821600000000000108e+01 7.900000000000000078e-02
4.302454640000360087e+01 1.908699999999999974e+01 1.229999999999999982e-01
6.489383639999869047e+01 2.030600000000000094e+01 9.500000000000000111e-02
