-9.941763099996023811e+00 1.623300000000000054e+01 4.499999999999999833e-02
-6.894773099993471988e+00 1.582000000000000028e+01 1.600000000000000033e-02
-5.005183099994610529e+00 1.569699999999999918e+01 1.799999999999999864e-02
-1.084063099995546509e+00 1.577100000000000080e+01 1.000000000000000021e-02
1.939996900000551250e+00 1.596100000000000030e+01 2.000000000000000042e-02
2.912876900001720060e+00 1.604799999999999827e+01 2.599999999999999881e-02
5.922376900001836475e+00 1.637399999999999878e+01 7.000000000000000146e-03
7.854516900006274227e+00 1.663899999999999935e+01 8.000000000000000167e-03
1.000444690000585979e+01 1.696499999999999986e+01 3.699999999999999817e-02
1.190835690000676550e+01 1.732799999999999940e+01 3.099999999999999978e-02
1.593425690000003669e+01 1.748499999999999943e+01 1.099999999999999936e-02
1.784642690000328002e+01 1.746000000000000085e+01 1.200000000000000025e-02
2.092691690000356175e+01 1.731599999999999895e+01 3.899999999999999994e-02
2.388571690000389935e+01 1.725499999999999901e+01 2.999999999999999889e-02
2.787056690000463277e+01 1.701699999999999946e+01 2.699999999999999969e-02
3.294561690000409726e+01 1.689399999999999835e+01 3.300000000000000155e-02
3.685990690000471659e+01 1.708899999999999864e+01 1.899999999999999953e-02
4.185914690000208793e+01 1.751699999999999946e+01 2.599999999999999881e-02
