-6.901937900001939852e+00 1.575500000000000078e+01 7.000000000000000146e-03
-5.741937899998447392e+00 1.568399999999999928e+01 1.000000000000000021e-02
-1.922827900001720991e+00 1.578899999999999970e+01 7.000000000000000146e-03
3.154072099998302292e+00 1.613200000000000145e+01 7.000000000000000146e-03
4.201712100002623629e+00 1.623000000000000043e+01 8.000000000000000167e-03
9.134132099999987986e+00 1.688500000000000156e+01 2.999999999999999889e-02
3.114428210000187391e+01 1.680199999999999960e+01 1.899999999999999953e-02
3.508360209999955259e+01 1.680799999999999983e+01 2.000000000000000042e-02
4.012196209999819985e+01 1.730199999999999960e+01 3.400000000000000244e-02
4.620845209999970393e+01 1.794600000000000151e+01 1.140000000000000041e-01
5.708738209999864921e+01 1.855399999999999849e+01 1.700000000000000122e-02
7.502802209999936167e+01 1.914499999999999957e+01 1.650000000000000078e-01
