-1.285419079999701353e+01 1.713800000000000168e+01 1.400000000000000029e-02
-5.842340800001693424e+00 1.527699999999999925e+01 3.699999999999999817e-02
-4.865660800001933239e+00 1.521100000000000030e+01 2.699999999999999969e-02
-1.806720799999311566e+00 1.531099999999999994e+01 2.900000000000000147e-02
5.167799199996807147e+00 1.614000000000000057e+01 1.400000000000000029e-02
1.114801920000172686e+01 1.707600000000000051e+01 4.700000000000000011e-02
1.210056919999624370e+01 1.711400000000000077e+01 5.000000000000000278e-02
1.612940920000255574e+01 1.711400000000000077e+01 5.399999999999999939e-02
2.204496919999655802e+01 1.656500000000000128e+01 1.299999999999999940e-02
3.213618919999862555e+01 1.693900000000000006e+01 1.799999999999999864e-02
3.713344920000236016e+01 1.744099999999999895e+01 2.599999999999999881e-02
5.101381920000130776e+01 1.843100000000000094e+01 8.000000000000000167e-02
5.800026919999800157e+01 1.897100000000000009e+01 1.110000000000000014e-01
7.002468919999955688e+01 1.924200000000000088e+01 1.469999999999999918e-01
8.198409920000267448e+01 1.924800000000000111e+01 2.710000000000000187e-01
9.505898919999890495e+01 1.978099999999999881e+01 2.449999999999999956e-01
