-1.123930520000430988e+01 1.441300000000000026e+01 6.000000000000000125e-03
-6.193435200002568308e+00 1.379100000000000037e+01 8.000000000000000167e-03
-3.160305199999129400e+00 1.377899999999999991e+01 6.000000000000000125e-03
-1.706352000037441030e-01 1.391200000000000081e+01 1.099999999999999936e-02
2.822624799999175593e+00 1.411999999999999922e+01 8.999999999999999320e-03
8.890654799994081259e+00 1.489400000000000013e+01 2.000000000000000042e-02
1.081763479999790434e+01 1.526800000000000068e+01 2.100000000000000130e-02
1.577236479999555741e+01 1.553800000000000026e+01 2.900000000000000147e-02
2.676071479999518488e+01 1.495299999999999940e+01 3.000000000000000062e-03
3.477733479999733390e+01 1.493299999999999983e+01 6.000000000000000125e-03
3.980931479999708245e+01 1.540600000000000058e+01 2.400000000000000050e-02
4.472803479999856791e+01 1.580100000000000016e+01 1.400000000000000029e-02
4.875409479999507312e+01 1.608800000000000097e+01 1.700000000000000122e-02
5.472621480000088923e+01 1.644999999999999929e+01 4.700000000000000011e-02
6.373650479999923846e+01 1.696999999999999886e+01 3.099999999999999978e-02
6.773982479999540374e+01 1.728399999999999892e+01 3.200000000000000067e-02
6.973825479999504751e+01 1.741600000000000037e+01 2.199999999999999872e-02
