-4.322260100001585670e+00 1.439499999999999957e+01 6.000000000000000125e-03
-1.327930100000230595e+00 1.442099999999999937e+01 7.000000000000000146e-03
6.757899000003817491e-01 1.462199999999999989e+01 5.000000000000000104e-03
1.552881989999877987e+01 1.612099999999999866e+01 6.000000000000000125e-03
1.866485989999637241e+01 1.603999999999999915e+01 2.599999999999999881e-02
2.169954989999678219e+01 1.592099999999999937e+01 2.500000000000000139e-02
2.466684990000067046e+01 1.583600000000000030e+01 2.299999999999999961e-02
2.867837989999679849e+01 1.595899999999999963e+01 5.000000000000000104e-03
3.164537990000098944e+01 1.633800000000000097e+01 1.899999999999999953e-02
3.865273989999695914e+01 1.698799999999999955e+01 2.100000000000000130e-02
4.568256989999645157e+01 1.762000000000000099e+01 7.599999999999999811e-02
4.958371990000159713e+01 1.788700000000000045e+01 8.500000000000000611e-02
5.559240989999671001e+01 1.821600000000000108e+01 5.199999999999999761e-02
5.966875989999971353e+01 1.857600000000000051e+01 1.039999999999999952e-01
7.754731989999709185e+01 1.964600000000000080e+01 7.499999999999999722e-02
8.748617989999911515e+01 1.991300000000000026e+01 9.500000000000000111e-02
