-6.633877100000972860e+00 1.560399999999999920e+01 1.899999999999999953e-02
-5.603657100000418723e+00 1.549200000000000088e+01 7.000000000000000146e-03
-3.643567099999927450e+00 1.549399999999999977e+01 1.000000000000000021e-02
1.351162899998598732e+00 1.584200000000000053e+01 3.099999999999999978e-02
6.339742899996053893e+00 1.666199999999999903e+01 6.000000000000000125e-03
9.400182899997162167e+00 1.736100000000000065e+01 6.199999999999999956e-02
1.032646289999684086e+01 1.729700000000000060e+01 3.400000000000000244e-02
1.339124289999745088e+01 1.733699999999999974e+01 4.000000000000000083e-02
1.739030289999936940e+01 1.715399999999999991e+01 3.300000000000000155e-02
2.136281289999897126e+01 1.680600000000000094e+01 3.099999999999999978e-02
2.338628289999905974e+01 1.665399999999999991e+01 2.900000000000000147e-02
2.538926289999653818e+01 1.663599999999999923e+01 3.599999999999999728e-02
2.940056289999483852e+01 1.701000000000000156e+01 5.299999999999999850e-02
3.039867289999529021e+01 1.718299999999999983e+01 3.099999999999999978e-02
3.233399289999942994e+01 1.746699999999999875e+01 9.500000000000000111e-02
3.334380289999535307e+01 1.740399999999999991e+01 5.299999999999999850e-02
3.435541289999673609e+01 1.746199999999999974e+01 1.299999999999999940e-02
4.137253290000080597e+01 1.823100000000000165e+01 9.099999999999999756e-02
5.032485289999749511e+01 1.890899999999999892e+01 1.549999999999999989e-01
5.429562289999739733e+01 1.897599999999999909e+01 1.660000000000000087e-01
6.331311289999575820e+01 1.978900000000000148e+01 4.020000000000000240e-01
6.822394289999647299e+01 1.978500000000000014e+01 4.610000000000000209e-01
