-8.153682500000286382e+00 1.660500000000000043e+01 1.499999999999999944e-02
-7.151502500004426111e+00 1.659100000000000108e+01 1.400000000000000029e-02
-6.171622500005469192e+00 1.637900000000000134e+01 5.899999999999999689e-02
-1.147682500006339978e+00 1.645700000000000074e+01 1.099999999999999936e-02
-1.202225000015459955e-01 1.635399999999999920e+01 4.900000000000000189e-02
7.810587499996472616e+00 1.733099999999999952e+01 1.229999999999999982e-01
1.281111749999399763e+01 1.774500000000000099e+01 3.200000000000000067e-02
1.677557749999687076e+01 1.788899999999999935e+01 2.900000000000000147e-02
2.080822749999788357e+01 1.779700000000000060e+01 2.199999999999999872e-02
2.180789749999530613e+01 1.774299999999999855e+01 1.899999999999999953e-02
2.276343749999796273e+01 1.756299999999999883e+01 1.600000000000000033e-02
2.468113749999611173e+01 1.768499999999999872e+01 1.620000000000000051e-01
2.776307749999978114e+01 1.770899999999999963e+01 1.799999999999999864e-02
4.873629749999963678e+01 1.832199999999999918e+01 1.799999999999999864e-02
4.970716749999701278e+01 1.835699999999999932e+01 6.099999999999999867e-02
5.072136749999481253e+01 1.844099999999999895e+01 2.000000000000000042e-02
5.578538750000006985e+01 1.884499999999999886e+01 4.000000000000000083e-02
