4.233256000006804243e-01 1.789300000000000068e+01 1.370000000000000107e-01
3.418715599997085519e+00 1.823300000000000054e+01 7.399999999999999634e-02
1.339909559999796329e+01 1.912199999999999989e+01 2.099999999999999922e-01
1.642903559999831486e+01 1.896000000000000085e+01 2.230000000000000038e-01
2.235065559999929974e+01 1.848799999999999955e+01 4.700000000000000011e-02
2.541206560000136960e+01 1.844399999999999906e+01 1.499999999999999944e-01
2.839513559999613790e+01 1.892000000000000171e+01 4.299999999999999656e-02
3.237588559999858262e+01 1.906599999999999895e+01 1.869999999999999996e-01
5.829331559999991441e+01 2.100600000000000023e+01 2.290000000000000091e-01
5.926965560000098776e+01 2.132199999999999918e+01 1.910000000000000031e-01
