6.105769200003123842e+00 1.789999999999999858e+01 1.600000000000000033e-02
7.127229199999419507e+00 1.798600000000000065e+01 4.000000000000000083e-02
1.011421920000429964e+01 1.830600000000000094e+01 1.799999999999999864e-02
1.809955920000356855e+01 1.822800000000000153e+01 2.400000000000000050e-02
1.910042919999978039e+01 1.820499999999999829e+01 2.999999999999999889e-02
2.212627919999795267e+01 1.810399999999999920e+01 3.200000000000000067e-02
2.909246920000441605e+01 1.859199999999999875e+01 2.699999999999999969e-02
3.207092920000286540e+01 1.886700000000000088e+01 3.699999999999999817e-02
3.402795920000062324e+01 1.902599999999999980e+01 3.200000000000000067e-02
4.803656919999775710e+01 2.017399999999999949e+01 8.100000000000000255e-02
5.699212919999990845e+01 2.038700000000000045e+01 1.280000000000000027e-01
