-1.940898900000320282e+00 1.632600000000000051e+01 4.100000000000000172e-02
-8.336488999993889593e-01 1.631800000000000139e+01 8.300000000000000433e-02
2.113971099999616854e+00 1.695499999999999829e+01 2.199999999999999872e-02
3.091461099997104611e+00 1.697299999999999898e+01 3.200000000000000067e-02
1.005003109999961453e+01 1.813599999999999923e+01 8.300000000000000433e-02
1.506961109999974724e+01 1.811400000000000077e+01 9.900000000000000466e-02
2.004469109999627108e+01 1.794000000000000128e+01 1.140000000000000041e-01
2.703850109999621054e+01 1.763700000000000045e+01 3.400000000000000244e-02
2.800630109999474371e+01 1.770499999999999829e+01 4.499999999999999833e-02
3.002385109999886481e+01 1.792599999999999838e+01 1.099999999999999936e-02
3.408369110000057844e+01 1.835399999999999920e+01 7.000000000000000666e-02
4.116837110000051325e+01 1.879400000000000048e+01 7.499999999999999722e-02
4.406327109999983804e+01 1.910800000000000054e+01 9.099999999999999756e-02
5.904790109999885317e+01 2.025900000000000034e+01 1.100000000000000006e-01
6.099842109999735840e+01 2.024899999999999878e+01 2.179999999999999993e-01
