-7.029953900004329626e+00 1.680799999999999983e+01 3.500000000000000333e-02
-6.152083900000434369e+00 1.681500000000000128e+01 2.599999999999999881e-02
-1.104603899999347050e+00 1.691300000000000026e+01 2.400000000000000050e-02
1.871726099998340942e+00 1.706800000000000139e+01 3.400000000000000244e-02
5.859226099993975367e+00 1.727199999999999847e+01 2.999999999999999889e-02
9.836146099994948599e+00 1.786899999999999977e+01 4.299999999999999656e-02
1.389312609999615233e+01 1.827299999999999969e+01 7.900000000000000078e-02
1.791859609999664826e+01 1.836499999999999844e+01 9.900000000000000466e-02
2.292460609999398002e+01 1.825900000000000034e+01 9.299999999999999933e-02
2.589211609999620123e+01 1.834799999999999898e+01 1.010000000000000064e-01
3.192442609999852721e+01 1.792800000000000082e+01 5.700000000000000205e-02
3.784720609999931185e+01 1.784400000000000119e+01 8.899999999999999578e-02
4.682388609999907203e+01 1.858299999999999841e+01 8.799999999999999489e-02
5.081345609999698354e+01 1.864600000000000080e+01 8.799999999999999489e-02
5.582069609999598470e+01 1.884700000000000131e+01 1.459999999999999909e-01
