1.287974240000039572e+01 1.838299999999999912e+01 3.200000000000000067e-02
1.389815239999734331e+01 1.839000000000000057e+01 2.500000000000000139e-02
1.489243240000359947e+01 1.845599999999999952e+01 3.400000000000000244e-02
1.594616240000323160e+01 1.835800000000000054e+01 2.999999999999999889e-02
1.689798239999799989e+01 1.839799999999999969e+01 3.400000000000000244e-02
3.289150240000162739e+01 1.754899999999999949e+01 1.600000000000000033e-02
4.281079239999962738e+01 1.845499999999999829e+01 2.800000000000000058e-02
4.383344239999860292e+01 1.841700000000000159e+01 2.500000000000000139e-02
4.483281240000360413e+01 1.851399999999999935e+01 2.800000000000000058e-02
4.682762240000010934e+01 1.873100000000000165e+01 3.699999999999999817e-02
6.476441239999985555e+01 1.976300000000000168e+01 6.800000000000000488e-02
