-5.510091800002555829e+00 1.781400000000000006e+01 6.800000000000000488e-02
-2.560241800005314872e+00 1.786199999999999832e+01 4.299999999999999656e-02
1.435238199999730568e+00 1.801200000000000045e+01 5.299999999999999850e-02
3.473498199993628077e+00 1.812099999999999866e+01 6.099999999999999867e-02
5.526878199998463970e+00 1.844399999999999906e+01 9.700000000000000289e-02
7.563768199994228780e+00 1.884100000000000108e+01 1.660000000000000087e-01
1.849620819999836385e+01 1.907199999999999918e+01 1.529999999999999971e-01
2.543811819999973522e+01 1.895700000000000074e+01 1.590000000000000024e-01
2.949699819999659667e+01 1.887900000000000134e+01 1.189999999999999947e-01
3.740669820000039181e+01 1.851399999999999935e+01 1.390000000000000124e-01
4.344390819999534870e+01 1.909600000000000009e+01 2.089999999999999913e-01
