-9.583689999999478459e+00 1.434800000000000075e+01 1.000000000000000021e-02
-7.584630000004835892e+00 1.372899999999999920e+01 7.000000000000000146e-03
-4.559000000001105946e+00 1.321799999999999997e+01 6.000000000000000125e-03
1.407499999993888196e+00 1.323399999999999999e+01 1.000000000000000021e-02
3.404940000000351574e+00 1.347899999999999920e+01 1.000000000000000021e-02
4.419599999993806705e+00 1.363899999999999935e+01 1.000000000000000021e-02
5.424179999994521495e+00 1.380599999999999916e+01 1.099999999999999936e-02
6.356439999995927792e+00 1.394100000000000072e+01 1.099999999999999936e-02
7.378659999994852114e+00 1.405599999999999916e+01 5.000000000000000104e-03
8.416779999999562278e+00 1.413899999999999935e+01 5.000000000000000104e-03
1.141042999999626772e+01 1.423799999999999955e+01 8.000000000000000167e-03
1.236670999999478227e+01 1.423900000000000077e+01 8.999999999999999320e-03
1.740830999999889173e+01 1.404400000000000048e+01 6.000000000000000125e-03
1.938366999999561813e+01 1.406600000000000072e+01 6.000000000000000125e-03
2.240864999999757856e+01 1.444100000000000072e+01 1.099999999999999936e-02
2.448088999999890802e+01 1.471700000000000053e+01 1.700000000000000122e-02
2.637705999999889173e+01 1.492600000000000016e+01 8.999999999999999320e-03
2.835289999999804422e+01 1.513400000000000034e+01 7.000000000000000146e-03
3.434459000000060769e+01 1.572300000000000075e+01 2.400000000000000050e-02
3.635404999999445863e+01 1.591900000000000048e+01 3.000000000000000062e-03
3.732101999999576947e+01 1.600100000000000122e+01 1.899999999999999953e-02
4.137793999999848893e+01 1.630099999999999838e+01 1.299999999999999940e-02
4.334337999999843305e+01 1.647200000000000131e+01 2.800000000000000058e-02
4.833331999999791151e+01 1.690700000000000003e+01 1.299999999999999940e-02
5.135237999999662861e+01 1.702199999999999847e+01 6.800000000000000488e-02
5.730329999999958090e+01 1.747100000000000009e+01 3.200000000000000067e-02
6.532890999999654014e+01 1.803600000000000136e+01 8.500000000000000611e-02
7.128557999999611638e+01 1.812199999999999989e+01 7.199999999999999456e-02
