-9.127314999997906853e+00 1.665700000000000003e+01 2.100000000000000130e-02
-4.131865000003017485e+00 1.609499999999999886e+01 1.600000000000000033e-02
-9.439500000007683411e-02 1.627700000000000102e+01 3.099999999999999978e-02
2.851945000002160668e+00 1.660500000000000043e+01 5.000000000000000278e-02
3.847854999999981374e+00 1.669800000000000040e+01 2.100000000000000130e-02
8.867825000001175795e+00 1.772599999999999909e+01 3.799999999999999906e-02
9.859405000002880115e+00 1.782799999999999940e+01 4.399999999999999745e-02
1.887810500000341563e+01 1.753600000000000136e+01 5.500000000000000028e-02
2.688025499999639578e+01 1.736100000000000065e+01 4.299999999999999656e-02
4.486525499999697786e+01 1.891600000000000037e+01 5.099999999999999672e-02
5.083486499999708030e+01 1.946099999999999852e+01 8.799999999999999489e-02
