-2.085763700000825338e+00 1.789199999999999946e+01 7.399999999999999634e-02
9.076362999985576607e-01 1.799599999999999866e+01 1.899999999999999953e-02
1.926766299999144394e+00 1.812300000000000111e+01 7.299999999999999545e-02
6.870076300001528580e+00 1.809600000000000009e+01 7.000000000000000666e-02
7.837126300000818446e+00 1.821699999999999875e+01 1.700000000000000122e-02
1.188571629999933066e+01 1.816100000000000136e+01 1.209999999999999964e-01
1.686641629999940051e+01 1.852499999999999858e+01 1.000000000000000056e-01
2.780990629999723751e+01 1.842000000000000171e+01 1.370000000000000107e-01
3.281499629999598255e+01 1.837600000000000122e+01 9.400000000000000022e-02
3.783550629999808734e+01 1.836100000000000065e+01 1.079999999999999988e-01
