-5.594381499999144580e+00 1.350500000000000078e+01 4.000000000000000083e-03
-4.593131500005256385e+00 1.350600000000000023e+01 1.200000000000000025e-02
-3.581961500000033993e+00 1.349499999999999922e+01 4.000000000000000083e-03
-2.600011499998799991e+00 1.353100000000000058e+01 3.000000000000000062e-03
-1.612161500001093373e+00 1.355499999999999972e+01 3.000000000000000062e-03
-5.486415000050328672e-01 1.356000000000000050e+01 7.000000000000000146e-03
4.716484999953536317e-01 1.362800000000000011e+01 7.000000000000000146e-03
2.463558499999635387e+00 1.375900000000000034e+01 5.000000000000000104e-03
6.477448499994352460e+00 1.416000000000000014e+01 1.299999999999999940e-02
1.047186849999707192e+01 1.482900000000000063e+01 1.799999999999999864e-02
1.246741849999671103e+01 1.509900000000000020e+01 1.400000000000000029e-02
1.443498849999741651e+01 1.525699999999999967e+01 8.000000000000000167e-03
2.136869849999493454e+01 1.504100000000000037e+01 6.000000000000000125e-03
2.538612849999481114e+01 1.481199999999999939e+01 5.000000000000000104e-03
2.734039849999680882e+01 1.466200000000000081e+01 1.099999999999999936e-02
3.342625849999603815e+01 1.450000000000000000e+01 1.600000000000000033e-02
4.440520850000029895e+01 1.535800000000000054e+01 1.600000000000000033e-02
6.337994849999813596e+01 1.642899999999999849e+01 4.299999999999999656e-02
6.535862849999830360e+01 1.648900000000000077e+01 4.900000000000000189e-02
6.840334849999635480e+01 1.664600000000000080e+01 5.099999999999999672e-02
