-1.670767700001306366e+00 1.808099999999999952e+01 1.239999999999999991e-01
3.825522999977692962e-01 1.823900000000000077e+01 1.900000000000000022e-01
2.327572299996973015e+00 1.832199999999999918e+01 8.999999999999999667e-02
3.384072299995750654e+00 1.826500000000000057e+01 1.849999999999999978e-01
6.417662299994844943e+00 1.824099999999999966e+01 1.000000000000000056e-01
7.428772299994307104e+00 1.848199999999999932e+01 7.099999999999999367e-02
1.245683229999849573e+01 1.890800000000000125e+01 1.799999999999999933e-01
1.444283229999564355e+01 1.908999999999999986e+01 2.670000000000000151e-01
1.940650230000028387e+01 1.908800000000000097e+01 3.220000000000000084e-01
2.335747229999833507e+01 1.880900000000000105e+01 2.260000000000000064e-01
2.737453229999664472e+01 1.916499999999999915e+01 1.970000000000000084e-01
3.534690229999978328e+01 1.891300000000000026e+01 1.239999999999999991e-01
