-1.213074919999780832e+01 1.458500000000000085e+01 1.200000000000000025e-02
-1.006977919999917503e+01 1.409299999999999997e+01 2.199999999999999872e-02
-7.064079199997649994e+00 1.362400000000000055e+01 1.099999999999999936e-02
-6.045809199997165706e+00 1.353200000000000003e+01 1.299999999999999940e-02
-5.078829199999745470e+00 1.347899999999999920e+01 3.000000000000000062e-03
-4.074279199994634837e+00 1.345899999999999963e+01 8.999999999999999320e-03
-3.065809200001240242e+00 1.346899999999999942e+01 3.000000000000000062e-03
-2.069439200000488199e+00 1.348900000000000077e+01 8.000000000000000167e-03
9.112208000005921349e-01 1.372700000000000031e+01 1.700000000000000122e-02
5.895620800001779571e+00 1.416600000000000037e+01 7.000000000000000146e-03
8.884470800003327895e+00 1.467099999999999937e+01 1.299999999999999940e-02
1.492055080000136513e+01 1.513899999999999935e+01 1.799999999999999864e-02
1.886729080000077374e+01 1.504800000000000004e+01 1.000000000000000021e-02
2.189559079999889946e+01 1.493900000000000006e+01 1.000000000000000021e-02
3.084428080000361660e+01 1.463599999999999923e+01 1.000000000000000021e-02
3.388793080000323243e+01 1.488299999999999912e+01 3.300000000000000155e-02
4.283529080000153044e+01 1.565399999999999991e+01 3.799999999999999906e-02
5.385019080000347458e+01 1.640700000000000003e+01 1.799999999999999864e-02
5.592434080000384711e+01 1.660800000000000054e+01 2.900000000000000147e-02
5.880431080000562361e+01 1.680300000000000082e+01 3.699999999999999817e-02
6.380710080000426387e+01 1.696799999999999997e+01 3.099999999999999978e-02
6.980140080000273883e+01 1.744500000000000028e+01 4.900000000000000189e-02
7.279381080000166548e+01 1.761799999999999855e+01 7.399999999999999634e-02
8.081208080000214977e+01 1.800199999999999889e+01 3.300000000000000155e-02
8.282033080000110203e+01 1.824699999999999989e+01 1.189999999999999947e-01
