-6.226515599999402184e+00 1.601999999999999957e+01 1.600000000000000033e-02
-1.229735599998093676e+00 1.595400000000000063e+01 1.499999999999999944e-02
1.791474400000879541e+00 1.620400000000000063e+01 1.799999999999999864e-02
1.174501440000312869e+01 1.767000000000000171e+01 6.400000000000000133e-02
2.670756439999968279e+01 1.699899999999999878e+01 3.699999999999999817e-02
3.772892440000578063e+01 1.799500000000000099e+01 7.499999999999999722e-02
4.266052440000203205e+01 1.829400000000000048e+01 2.800000000000000058e-02
4.884891440000501461e+01 1.894800000000000040e+01 3.059999999999999942e-01
5.664321439999912400e+01 1.867800000000000082e+01 2.959999999999999853e-01
6.272033440000086557e+01 1.918100000000000094e+01 4.299999999999999933e-01
