5.121871800001827069e+00 1.647400000000000020e+01 2.900000000000000147e-02
7.117271800001617521e+00 1.661799999999999855e+01 1.680000000000000104e-01
1.108290180000039982e+01 1.720499999999999829e+01 1.270000000000000018e-01
1.306380180000269320e+01 1.741000000000000014e+01 7.000000000000000666e-02
1.909741180000128224e+01 1.731599999999999895e+01 1.380000000000000115e-01
2.306244180000066990e+01 1.712199999999999989e+01 2.290000000000000091e-01
2.604607179999584332e+01 1.706099999999999994e+01 1.400000000000000029e-02
2.906222179999895161e+01 1.686799999999999855e+01 8.999999999999999320e-03
3.704072179999639047e+01 1.699899999999999878e+01 8.799999999999999489e-02
4.497669180000229971e+01 1.769500000000000028e+01 3.519999999999999796e-01
5.199149179999949411e+01 1.855300000000000082e+01 3.380000000000000226e-01
8.294931180000276072e+01 1.991900000000000048e+01 1.120000000000000023e-01
8.894326179999916349e+01 1.979200000000000159e+01 1.120000000000000023e-01
