-6.734389999997802079e+00 1.505000000000000071e+01 6.600000000000000311e-02
-5.725469999997585546e+00 1.479700000000000060e+01 1.099999999999999936e-02
-4.751450000003387686e+00 1.461200000000000010e+01 1.400000000000000029e-02
-1.739609999996901024e+00 1.418800000000000061e+01 1.000000000000000021e-02
-8.085999999966588803e-01 1.410800000000000054e+01 7.000000000000000146e-03
2.244030000001657754e+00 1.400300000000000011e+01 8.999999999999999320e-03
3.230210000001534354e+00 1.402699999999999925e+01 1.099999999999999936e-02
6.221779999999853317e+00 1.423199999999999932e+01 1.299999999999999940e-02
7.225709999998798594e+00 1.424399999999999977e+01 1.600000000000000033e-02
1.121248999999806983e+01 1.458699999999999974e+01 2.599999999999999881e-02
1.222636999999667751e+01 1.464199999999999946e+01 1.299999999999999940e-02
1.614315999999962514e+01 1.489600000000000080e+01 1.200000000000000025e-02
1.714706999999907566e+01 1.493200000000000038e+01 1.899999999999999953e-02
1.914826000000175554e+01 1.506199999999999939e+01 1.799999999999999864e-02
2.019655000000057044e+01 1.510599999999999987e+01 1.099999999999999936e-02
2.313244000000122469e+01 1.545100000000000051e+01 6.000000000000000125e-03
2.610519999999814900e+01 1.578800000000000026e+01 5.199999999999999761e-02
3.316623999999865191e+01 1.657499999999999929e+01 2.100000000000000130e-02
4.510590999999840278e+01 1.755999999999999872e+01 1.299999999999999940e-02
5.210467999999673339e+01 1.811599999999999966e+01 1.700000000000000122e-02
5.507108000000152970e+01 1.854599999999999937e+01 2.049999999999999878e-01
5.813773999999830266e+01 1.852400000000000091e+01 6.099999999999999867e-02
5.910414000000309898e+01 1.845200000000000173e+01 1.610000000000000042e-01
7.506803999999829102e+01 1.940399999999999991e+01 6.600000000000000311e-02
7.807140999999683117e+01 1.916799999999999926e+01 1.739999999999999880e-01
8.601454999999987194e+01 1.970599999999999952e+01 1.229999999999999982e-01
8.801683999999659136e+01 1.966000000000000014e+01 8.400000000000000522e-02
9.101486000000295462e+01 1.944200000000000017e+01 1.839999999999999969e-01
