-2.591079300000274088e+00 1.729200000000000159e+01 4.499999999999999833e-02
-1.549859300001116935e+00 1.727899999999999991e+01 3.599999999999999728e-02
4.367706999983056448e-01 1.738899999999999935e+01 3.400000000000000244e-02
4.382430699995893519e+00 1.796399999999999864e+01 7.399999999999999634e-02
8.428300699997635093e+00 1.852299999999999969e+01 1.089999999999999997e-01
1.247317069999553496e+01 1.894300000000000139e+01 2.200000000000000011e-01
1.745120070000120904e+01 1.884100000000000108e+01 1.990000000000000102e-01
2.238569070000085048e+01 1.866900000000000048e+01 1.330000000000000071e-01
2.742715070000122068e+01 1.868799999999999883e+01 1.140000000000000041e-01
3.340403069999592844e+01 1.872400000000000020e+01 5.899999999999999689e-02
4.441579069999716012e+01 1.964699999999999847e+01 4.289999999999999925e-01
