5.307117900003504474e+00 1.687999999999999901e+01 2.299999999999999961e-02
6.344417899999825750e+00 1.704200000000000159e+01 1.099999999999999936e-02
7.347807899997860659e+00 1.722899999999999920e+01 1.099999999999999936e-02
9.291707900003530085e+00 1.764600000000000080e+01 1.799999999999999864e-02
1.831432789999962552e+01 1.754899999999999949e+01 1.600000000000000033e-02
1.932818789999873843e+01 1.759499999999999886e+01 1.299999999999999940e-02
2.433690790000400739e+01 1.710500000000000043e+01 2.599999999999999881e-02
3.829787790000409586e+01 1.773799999999999955e+01 3.300000000000000155e-02
4.230087790000106907e+01 1.797100000000000009e+01 2.800000000000000058e-02
5.027583790000062436e+01 1.864600000000000080e+01 2.900000000000000147e-02
