-4.023253699997439981e+00 1.636400000000000077e+01 1.099999999999999936e-02
-2.073803699997370131e+00 1.638899999999999935e+01 8.000000000000000167e-03
-1.017537000006996095e-01 1.652299999999999969e+01 2.999999999999999889e-02
1.849096300000383053e+00 1.670400000000000063e+01 2.800000000000000058e-02
3.917576300002110656e+00 1.699800000000000111e+01 4.800000000000000100e-02
5.916316300004837103e+00 1.743100000000000094e+01 4.900000000000000189e-02
7.944956300001649652e+00 1.773000000000000043e+01 2.800000000000000058e-02
1.190560630000254605e+01 1.803999999999999915e+01 8.999999999999999667e-02
1.588058630000159610e+01 1.779599999999999937e+01 8.200000000000000344e-02
2.496154630000091856e+01 1.750700000000000145e+01 2.800000000000000058e-02
2.890236630000435980e+01 1.780300000000000082e+01 8.400000000000000522e-02
3.289172630000393838e+01 1.862000000000000099e+01 2.260000000000000064e-01
3.683778630000597332e+01 1.875499999999999901e+01 1.320000000000000062e-01
4.187169630000425968e+01 1.890599999999999881e+01 3.469999999999999751e-01
