-1.162407089999760501e+01 1.696600000000000108e+01 7.699999999999999900e-02
-6.382590900000650436e+00 1.610099999999999909e+01 2.299999999999999961e-02
-5.918508999966434203e-01 1.610800000000000054e+01 2.000000000000000042e-02
1.432709100001375191e+00 1.623999999999999844e+01 2.299999999999999961e-02
5.557739100004255306e+00 1.662999999999999901e+01 1.799999999999999864e-02
8.367939100004150532e+00 1.692800000000000082e+01 3.500000000000000333e-02
1.936846910000167554e+01 1.767500000000000071e+01 1.099999999999999936e-02
2.742658910000318429e+01 1.719600000000000151e+01 3.699999999999999817e-02
3.031659909999871161e+01 1.710999999999999943e+01 3.699999999999999817e-02
4.345040910000534495e+01 1.762500000000000000e+01 5.000000000000000278e-02
4.541934910000418313e+01 1.781099999999999994e+01 1.299999999999999940e-02
5.539975910000066506e+01 1.845299999999999940e+01 2.400000000000000050e-02
