-1.156197470000188332e+01 1.626099999999999923e+01 1.899999999999999953e-02
-6.535554699999920558e+00 1.548799999999999955e+01 1.299999999999999940e-02
-5.550314700005401392e+00 1.536100000000000065e+01 1.099999999999999936e-02
-3.588564700003189500e+00 1.535800000000000054e+01 2.000000000000000042e-02
2.507045299993478693e+00 1.561700000000000088e+01 3.500000000000000333e-02
6.369815300000482239e+00 1.594400000000000084e+01 2.400000000000000050e-02
1.233697529999335529e+01 1.673600000000000065e+01 2.400000000000000050e-02
1.436852530000032857e+01 1.697599999999999909e+01 1.000000000000000021e-02
1.633437529999355320e+01 1.700600000000000023e+01 1.099999999999999936e-02
2.035595529999409337e+01 1.690800000000000125e+01 5.199999999999999761e-02
2.535228529999585589e+01 1.681200000000000117e+01 1.400000000000000029e-02
2.740706529999442864e+01 1.676699999999999946e+01 1.000000000000000021e-02
3.131724529999337392e+01 1.653399999999999892e+01 5.800000000000000294e-02
4.029744529999879887e+01 1.656200000000000117e+01 2.500000000000000139e-02
4.734145529999659630e+01 1.721600000000000108e+01 1.590000000000000024e-01
7.921218529999896418e+01 1.920700000000000074e+01 7.000000000000000666e-02
1.011547852999938186e+02 2.001999999999999957e+01 2.620000000000000107e-01
