SN2005M 30.93 0.7 1.19 0.2
SN2005am 21.3351770578 0.7 1.1 0.2
SN2005el 24.6372053141 0.6405 1.01 0.11
SN2005eq 35.0 0.7 1.32 0.2
SN2005iq 24.1944522565 0.7 1.07 0.21
SN2006ax 32.0017 0.626 1.36 0.2
SN2006bh 22.889351152 0.309471723914 0.86 0.15
SN2006kf 24.1967066507 0.817528666654 0.87 0.1
SN2008hv 24.68 0.28847 1.08 0.16
SN2008ia 25.5825971065 0.163895832072 1.13 0.14
SN2005am 21.297 0.071 1.1 0.2
SN2005hc 36.466 2.538 1.36 0.3
SN2005ki 25.168 1.658 1.03 0.27
SN2007on 18.18 0.13 0.6 0.09
SN2008bc 33.3314 0.227 1.24 0.11
SN2008gp 35.713 0.808 1.29 0.2
SN2008R 14.096 0.7407 0.53 0.1
SN2011fe 29.99 0.71 1.1 0.15
SN2002dj 29.54 0.23 1.25 0.26
SN2002fk 30.17 1.5 1.42 0.23
