SN2005M 24.0 0.7 1.19 0.2
SN2005am 19.6701332578 0.7 1.1 0.2
SN2005el 24.2628485184 0.716659542573 1.01 0.11
SN2005eq 25.1179360292 0.0723648215678 1.32 0.2
SN2005iq 24.9833407527 0.0407277273601 1.07 0.21
SN2005ki 20.4685 1.6533 1.03 0.27
SN2006ax 27.2802598246 1.58 1.36 0.2
SN2006bh 20.9883854631 0.624453343985 0.86 0.15
SN2006kf 16.6114753817 0.849641333948 0.87 0.1
SN2008bc 30.960808046 1.43883894942 1.24 0.11
SN2008gp 34.3721571648 0.7 1.29 0.2
SN2008hv 21.9269320069 0.475366302715 1.08 0.16
SN2008ia 19.1935417568 0.90350674406 1.13 0.14
SN2005ki 20.5826 1.8019 1.03 0.27
SN2007on 14.0561 1.357 0.6 0.09
SN2008bc 20.377 1.1652 1.24 0.11
SN2011fe 24.29 0.63 1.1 0.15
SN2002dj 23.0 0.9 1.25 0.26
SN2002fk 25.83 0.31 1.42 0.23
