SN2005M 28.88 3.8 1.19 0.2
SN2005am 21.7316160578 0.117 1.1 0.2
SN2005el 24.9632721104 0.106753317516 1.01 0.11
SN2005eq 37.482131118 0.119841612967 1.32 0.2
SN2005hc 37.5147691973 0.0982417736256 1.36 0.3
SN2005iq 27.7425266452 0.0531582827348 1.07 0.21
SN2005ki 26.7887194131 0.0600847621223 1.03 0.27
SN2006ax 32.7027451382 0.27827 1.36 0.2
SN2006bh 24.9812959943 0.28220857758 0.86 0.15
SN2006kf 26.062 2.05902 0.87 0.1
SN2007bd 28.3100615181 0.108326608745 1.22 0.2
SN2008bc 32.8989325004 0.32011 1.24 0.11
SN2008gp 33.4451154648 1.16988 1.29 0.2
SN2008hv 25.0385858925 0.252111566843 1.08 0.16
SN2008ia 23.9660595345 0.667390845949 1.13 0.14
SN2008R 15.497 0.7403 0.53 0.1
SN2007on 18.67053 0.43328 0.6 0.09
